from;to;distance;time
0;0;0.0;0.0
0;1016;60.65;75.7445
0;1031;55.9;70.4485
0;1034;87.5;102.39466666666667
0;1035;60.88;71.0125
0;1041;56.59;72.804
0;1045;71.24;97.80333333333333
0;1053;149.97;170.27033333333333
0;1056;151.03;173.989
0;1061;129.73;141.696
0;1062;137.77;151.76666666666668
0;1063;151.27;172.5755
0;1065;172.83;196.697
0;1067;73.16;86.94166666666666
0;1068;68.15;78.20666666666666
0;1070;105.12;131.4265
0;1076;63.9;79.18066666666667
0;1082;72.65;87.86999999999999
0;1084;107.67;121.65566666666668
0;1088;79.16;97.28116666666666
0;1089;80.44;99.12683333333332
0;1091;25.13;38.01466666666667
0;1102;86.2;105.8305
0;1115;108.45;121.20683333333334
0;1123;47.18;58.754
0;1126;60.16;76.3535
0;1133;23.08;32.344833333333334
0;1151;34.83;54.814499999999995
0;1176;55.81;69.90066666666667
0;1177;35.31;48.705333333333336
0;1179;144.43;164.942
0;1186;56.74;87.42666666666668
0;1187;85.58;110.381
0;1204;171.94;196.4505
0;1213;16.73;34.99066666666667
0;1231;79.75;107.37333333333332
0;1236;49.03;68.59200000000001
0;1255;100.17;116.37833333333333
0;1273;16.51;34.6635
0;1313;124.28;140.6405
0;1315;49.63;72.39750000000001
0;1350;49.42;71.61733333333333
0;1371;43.1;57.714166666666664
0;1372;133.36;154.48549999999997
1016;0;60.65;75.7445
1016;1016;0.0;0.0
1016;1031;105.23;122.8005
1016;1034;136.83;154.74666666666664
1016;1035;110.21;123.36433333333333
1016;1041;76.92;86.49983333333333
1016;1045;116.74;143.8756666666667
1016;1053;99.78;112.02483333333333
1016;1056;92.92;107.086
1016;1061;71.62;74.79299999999999
1016;1062;79.66;84.8635
1016;1063;93.16;105.67233333333334
1016;1065;114.72;129.79383333333334
1016;1067;100.9;119.85733333333333
1016;1068;95.89;111.12216666666667
1016;1070;132.85;164.34216666666669
1016;1076;84.23;92.87650000000001
1016;1082;84.04;94.542
1016;1084;127.99;135.35150000000002
1016;1088;128.49;149.63316666666665
1016;1089;129.77;151.4788333333333
1016;1091;64.83;82.27
1016;1102;151.14;167.76450000000003
1016;1115;56.09;67.75166666666667
1016;1123;58.57;65.426
1016;1126;80.49;90.04950000000001
1016;1133;41.56;54.891333333333336
1016;1151;78.79;89.0785
1016;1176;105.14;122.2525
1016;1177;84.64;101.05733333333333
1016;1179;86.32;98.039
1016;1186;112.44;136.5438333333333
1016;1187;125.04;154.793
1016;1204;113.83;129.54733333333334
1016;1213;67.28;80.19883333333334
1016;1231;138.68;158.449
1016;1236;98.36;120.94383333333333
1016;1255;149.5;168.73033333333333
1016;1273;63.82;74.4575
1016;1313;66.17;73.7375
1016;1315;114.56;134.33133333333333
1016;1350;114.35;133.55133333333333
1016;1371;70.83;90.62983333333334
1016;1372;75.25;87.5825
1031;0;55.9;70.4485
1031;1016;105.23;122.8005
1031;1031;0.0;0.0
1031;1034;43.22;63.729166666666664
1031;1035;16.32;31.581
1031;1041;108.47;130.01233333333332
1031;1045;117.17;149.24416666666667
1031;1053;199.47;229.05083333333332
1031;1056;200.54;232.76966666666667
1031;1061;179.24;200.47666666666666
1031;1062;187.28;210.54716666666667
1031;1063;200.78;231.35600000000002
1031;1065;222.34;255.4775
1031;1067;67.2;104.40316666666666
1031;1068;117.66;136.98733333333334
1031;1070;74.49;105.639
1031;1076;115.78;136.389
1031;1082;132.47;153.58133333333333
1031;1084;159.54;178.864
1031;1088;34.89;58.61566666666667
1031;1089;36.16;60.46133333333333
1031;1091;29.89;51.332166666666666
1031;1102;132.14;157.27133333333333
1031;1115;168.27;186.91816666666668
1031;1123;107.01;124.46533333333333
1031;1126;112.04;133.562
1031;1133;72.59;91.1255
1031;1151;80.76;106.25516666666667
1031;1176;0.58;2.1015
1031;1177;27.13;37.0935
1031;1179;193.94;223.72266666666667
1031;1186;102.67;138.86749999999998
1031;1187;131.51;161.82183333333333
1031;1204;221.45;255.23100000000002
1031;1213;67.67;98.27116666666667
1031;1231;125.69;158.81416666666667
1031;1236;40.84;56.98016666666667
1031;1255;55.9;77.71283333333334
1031;1273;66.68;93.1775
1031;1313;173.79;199.42116666666666
1031;1315;48.8;67.60216666666666
1031;1350;48.64;66.87816666666667
1031;1371;46.92;73.54433333333333
1031;1372;182.87;213.26616666666666
1034;0;87.5;102.39466666666667
1034;1016;136.83;154.74666666666664
1034;1031;43.22;63.729166666666664
1034;1034;0.0;0.0
1034;1035;34.63;44.823499999999996
1034;1041;139.93;160.63549999999998
1034;1045;148.63;179.86733333333333
1034;1053;135.82;182.45166666666668
1034;1056;232.0;263.39283333333333
1034;1061;210.7;231.09983333333332
1034;1062;218.74;241.17033333333333
1034;1063;232.24;261.9791666666667
1034;1065;253.8;286.10066666666665
1034;1067;55.91;83.09066666666666
1034;1068;54.01;80.07266666666666
1034;1070;38.06;54.263333333333335
1034;1076;147.24;167.01216666666667
1034;1082;163.94;184.2045
1034;1084;191.01;209.48716666666667
1034;1088;17.94;30.563666666666666
1034;1089;15.62;26.908166666666666
1034;1091;82.14;96.35116666666666
1034;1102;163.6;187.8945
1034;1115;199.74;217.5413333333333
1034;1123;138.47;155.0883333333333
1034;1126;143.5;164.18516666666667
1034;1133;104.05;121.74866666666667
1034;1151;112.22;136.87833333333336
1034;1176;47.49;64.8545
1034;1177;58.59;67.71666666666667
1034;1179;225.4;254.34583333333333
1034;1186;134.14;169.4905
1034;1187;162.98;192.44500000000002
1034;1204;252.91;285.8541666666667
1034;1213;99.13;128.89416666666665
1034;1231;157.15;189.43733333333333
1034;1236;72.3;87.60316666666667
1034;1255;19.47;26.33716666666667
1034;1273;98.14;123.80066666666667
1034;1313;205.25;230.04433333333333
1034;1315;80.27;98.22533333333334
1034;1350;80.1;97.50133333333333
1034;1371;51.97;80.8605
1034;1372;214.33;243.88933333333335
1035;0;60.88;71.0125
1035;1016;110.21;123.36433333333333
1035;1031;16.32;31.581
1035;1034;34.63;44.823499999999996
1035;1035;0.0;0.0
1035;1041;112.59;127.33016666666667
1035;1045;121.29;146.56199999999998
1035;1053;203.59;226.36866666666668
1035;1056;204.66;230.0875
1035;1061;183.36;197.7945
1035;1062;191.4;207.86499999999998
1035;1063;204.9;228.67383333333333
1035;1065;226.46;252.79533333333333
1035;1067;126.79;143.04016666666666
1035;1068;121.78;134.30516666666668
1035;1070;65.73;86.167
1035;1076;119.9;133.70683333333332
1035;1082;136.59;150.89916666666667
1035;1084;163.66;176.18183333333334
1035;1088;26.14;39.14366666666667
1035;1089;27.41;40.989333333333335
1035;1091;54.8;63.045833333333334
1035;1102;136.26;154.58916666666667
1035;1115;172.39;184.236
1035;1123;111.13;121.78316666666666
1035;1126;116.16;130.87983333333332
1035;1133;76.71;88.44333333333334
1035;1151;84.88;103.57300000000001
1035;1176;16.46;31.542333333333332
1035;1177;31.24;34.41133333333333
1035;1179;198.06;221.0405
1035;1186;106.79;136.18533333333332
1035;1187;135.63;159.13966666666664
1035;1204;225.57;252.54883333333333
1035;1213;71.78;95.589
1035;1231;129.81;156.132
1035;1236;44.96;54.298
1035;1255;47.15;58.24083333333333
1035;1273;70.8;90.49533333333333
1035;1313;177.91;196.739
1035;1315;52.92;64.92
1035;1350;52.76;64.196
1035;1371;96.72;113.81266666666667
1035;1372;186.99;210.584
1041;0;56.59;72.804
1041;1016;76.92;86.49983333333333
1041;1031;108.47;130.01233333333332
1041;1034;139.93;160.63549999999998
1041;1035;112.59;127.33016666666667
1041;1041;0.0;0.0
1041;1045;50.67;78.38866666666667
1041;1053;173.26;188.45033333333333
1041;1056;166.4;183.51133333333334
1041;1061;145.1;151.21833333333333
1041;1062;153.14;161.28883333333334
1041;1063;166.64;182.09783333333334
1041;1065;188.2;206.21933333333334
1041;1067;111.62;130.5965
1041;1068;106.61;121.86149999999999
1041;1070;143.57;175.08133333333333
1041;1076;16.78;26.465833333333332
1041;1082;90.32;102.21849999999999
1041;1084;76.08;86.634
1041;1088;126.89;146.86083333333332
1041;1089;128.16;148.70649999999998
1041;1091;63.22;79.49766666666666
1041;1102;113.99;135.27166666666668
1041;1115;126.12;135.55516666666668
1041;1123;64.85;73.10233333333333
1041;1126;8.22;12.869166666666667
1041;1133;61.54;75.99966666666666
1041;1151;30.71;42.026833333333336
1041;1176;103.54;119.48033333333333
1041;1177;83.04;98.28500000000001
1041;1179;159.8;174.46433333333334
1041;1186;46.37;71.05683333333333
1041;1187;58.97;89.30583333333334
1041;1204;187.31;205.97266666666667
1041;1213;30.12;46.5055
1041;1231;70.15;88.96816666666668
1041;1236;96.75;118.17166666666667
1041;1255;147.9;165.95816666666667
1041;1273;26.38;39.34016666666666
1041;1313;139.65;150.16283333333334
1041;1315;77.41;101.83866666666667
1041;1350;77.2;101.05850000000001
1041;1371;81.55;101.369
1041;1372;148.73;164.0078333333333
1045;0;71.24;97.80333333333333
1045;1016;116.74;143.8756666666667
1045;1031;117.17;149.24416666666667
1045;1034;148.63;179.86733333333333
1045;1035;121.29;146.56199999999998
1045;1041;50.67;78.38866666666667
1045;1045;0.0;0.0
1045;1053;214.23;246.52033333333333
1045;1056;207.37;241.58133333333333
1045;1061;186.07;209.28833333333333
1045;1062;194.12;219.359
1045;1063;207.61;240.16783333333333
1045;1065;229.18;264.28933333333333
1045;1067;156.21;190.78266666666664
1045;1068;151.2;182.0476666666667
1045;1070;179.09;215.95566666666667
1045;1076;87.5;116.78883333333333
1045;1082;131.3;160.2885
1045;1084;111.94;143.3415
1045;1088;139.49;168.93216666666666
1045;1089;140.77;170.77783333333335
1045;1091;84.22;110.78833333333334
1045;1102;38.04;54.425666666666665
1045;1115;167.1;193.62533333333334
1045;1123;105.83;131.1725
1045;1126;53.96;81.55933333333334
1045;1133;106.13;136.18583333333333
1045;1151;36.79;58.8285
1045;1176;116.14;141.55166666666668
1045;1177;63.83;91.77733333333335
1045;1179;200.78;232.53433333333334
1045;1186;5.4;14.632833333333334
1045;1187;11.93;19.8445
1045;1204;228.29;264.0428333333333
1045;1213;65.68;97.78633333333333
1045;1231;16.09;26.275333333333332
1045;1236;56.77;81.30816666666666
1045;1255;160.5;188.0295
1045;1273;68.67;92.766
1045;1313;180.63;208.23283333333333
1045;1315;38.66;56.753166666666665
1045;1350;39.56;57.026833333333336
1045;1371;126.14;161.55516666666665
1045;1372;189.7;222.07783333333333
1053;0;149.97;170.27033333333333
1053;1016;99.78;112.02483333333333
1053;1031;199.47;229.05083333333332
1053;1034;135.82;182.45166666666668
1053;1035;203.59;226.36866666666668
1053;1041;173.26;188.45033333333333
1053;1045;214.23;246.52033333333333
1053;1053;0.0;0.0
1053;1056;72.15;83.95916666666668
1053;1061;58.31;71.53683333333333
1053;1062;70.64;86.05083333333333
1053;1063;69.7;88.09016666666666
1053;1065;73.56;99.53116666666666
1053;1067;95.75;115.98583333333333
1053;1068;90.74;107.25066666666666
1053;1070;96.14;126.43183333333333
1053;1076;181.1;195.10883333333334
1053;1082;200.04;207.75383333333332
1053;1084;224.86;237.58383333333333
1053;1088;137.86;172.47383333333335
1053;1089;137.61;173.75050000000002
1053;1091;154.57;177.9741666666667
1053;1102;248.01;269.99666666666667
1053;1115;101.4;117.95033333333335
1053;1123;155.44;167.65816666666666
1053;1126;177.36;192.28166666666667
1053;1133;138.43;157.12366666666668
1053;1151;175.66;191.31066666666666
1053;1176;194.89;217.95683333333332
1053;1177;174.39;196.7615
1053;1179;81.82;93.2525
1053;1186;209.31;238.77616666666665
1053;1187;221.91;257.0251666666667
1053;1204;72.67;99.28466666666667
1053;1213;164.15;182.431
1053;1231;235.55;260.6813333333333
1053;1236;188.1;216.64816666666667
1053;1255;117.05;154.27166666666665
1053;1273;160.69;176.68983333333333
1053;1313;38.07;45.92383333333333
1053;1315;211.43;236.56366666666665
1053;1350;211.22;235.78366666666668
1053;1371;111.78;138.10316666666668
1053;1372;70.81;86.39616666666667
1056;0;151.03;173.989
1056;1016;92.92;107.086
1056;1031;200.54;232.76966666666667
1056;1034;232.0;263.39283333333333
1056;1035;204.66;230.0875
1056;1041;166.4;183.51133333333334
1056;1045;207.37;241.58133333333333
1056;1053;72.15;83.95916666666668
1056;1056;0.0;0.0
1056;1061;26.98;37.78416666666667
1056;1062;29.27;38.395833333333336
1056;1063;19.3;29.447333333333333
1056;1065;44.37;60.696333333333335
1056;1067;109.25;149.26033333333334
1056;1068;104.27;141.8156666666667
1056;1070;183.07;218.88183333333333
1056;1076;174.54;191.04350000000002
1056;1082;133.3;137.62966666666668
1056;1084;180.82;202.12866666666665
1056;1088;218.8;247.80016666666668
1056;1089;220.08;249.64583333333334
1056;1091;155.14;180.43699999999998
1056;1102;241.44;265.9313333333333
1056;1115;80.03;86.9855
1056;1123;124.7;126.33649999999999
1056;1126;170.8;188.2165
1056;1133;131.87;153.05833333333334
1056;1151;169.1;187.24533333333332
1056;1176;195.45;220.4195
1056;1177;174.95;199.2243333333333
1056;1179;10.46;15.079666666666666
1056;1186;202.75;234.71083333333334
1056;1187;215.34;252.95983333333334
1056;1204;44.37;62.6015
1056;1213;157.58;178.36583333333334
1056;1231;228.98;256.616
1056;1236;188.67;219.11083333333332
1056;1255;239.81;266.89733333333334
1056;1273;154.13;172.62449999999998
1056;1313;49.25;71.17833333333333
1056;1315;204.87;232.49833333333333
1056;1350;204.66;231.71833333333333
1056;1371;161.14;188.79666666666665
1056;1372;29.43;38.741166666666665
1061;0;129.73;141.696
1061;1016;71.62;74.79299999999999
1061;1031;179.24;200.47666666666666
1061;1034;210.7;231.09983333333332
1061;1035;183.36;197.7945
1061;1041;145.1;151.21833333333333
1061;1045;186.07;209.28833333333333
1061;1053;58.31;71.53683333333333
1061;1056;26.98;37.78416666666667
1061;1061;0.0;0.0
1061;1062;10.96;14.541333333333334
1061;1063;19.85;29.503
1061;1065;73.23;89.76133333333334
1061;1067;88.06;117.26416666666667
1061;1068;83.08;109.8195
1061;1070;117.79;159.06083333333333
1061;1076;153.34;159.04733333333334
1061;1082;151.43;161.33183333333332
1061;1084;197.11;201.52233333333334
1061;1088;197.61;215.804
1061;1089;198.88;217.64966666666666
1061;1091;133.94;148.4406666666667
1061;1102;220.25;233.93516666666667
1061;1115;73.64;81.88883333333334
1061;1123;127.69;131.59666666666666
1061;1126;149.6;156.22016666666664
1061;1133;110.67;121.06216666666666
1061;1151;147.9;155.24916666666667
1061;1176;174.26;188.42333333333332
1061;1177;153.76;167.228
1061;1179;15.47;23.032500000000002
1061;1186;181.56;202.71466666666666
1061;1187;194.15;220.96366666666665
1061;1204;72.34;89.51483333333334
1061;1213;136.39;146.3695
1061;1231;207.79;224.61983333333333
1061;1236;167.47;187.11466666666666
1061;1255;218.62;234.90116666666665
1061;1273;132.93;140.62833333333336
1061;1313;37.96;45.3755
1061;1315;183.68;200.50216666666665
1061;1350;183.47;199.72216666666665
1061;1371;139.95;156.8005
1061;1372;16.07;21.128833333333333
1062;0;137.77;151.76666666666668
1062;1016;79.66;84.8635
1062;1031;187.28;210.54716666666667
1062;1034;218.74;241.17033333333333
1062;1035;191.4;207.86499999999998
1062;1041;153.14;161.28883333333334
1062;1045;194.12;219.359
1062;1053;70.64;86.05083333333333
1062;1056;29.27;38.395833333333336
1062;1061;10.96;14.541333333333334
1062;1062;0.0;0.0
1062;1063;10.74;14.616999999999999
1062;1065;69.51;93.73233333333333
1062;1067;96.1;127.33466666666666
1062;1068;91.12;119.89
1062;1070;125.83;169.13133333333332
1062;1076;161.38;169.11783333333332
1062;1082;139.85;148.35966666666667
1062;1084;205.15;211.59283333333332
1062;1088;205.65;225.87449999999998
1062;1089;206.92;227.72016666666664
1062;1091;141.98;158.51116666666667
1062;1102;228.29;244.00566666666666
1062;1115;42.78;56.95233333333333
1062;1123;131.25;137.06666666666666
1062;1126;157.65;166.29066666666668
1062;1133;118.72;131.13266666666667
1062;1151;155.94;165.31966666666668
1062;1176;182.3;198.49383333333333
1062;1177;161.8;177.2985
1062;1179;13.57;20.716833333333334
1062;1186;189.6;212.78516666666667
1062;1187;202.19;231.03416666666666
1062;1204;68.62;93.48583333333333
1062;1213;144.43;156.44
1062;1231;215.83;234.69033333333334
1062;1236;175.51;197.18516666666667
1062;1255;226.66;244.97166666666666
1062;1273;140.97;150.69883333333334
1062;1313;46.0;55.446000000000005
1062;1315;191.72;210.57266666666666
1062;1350;191.51;209.79266666666666
1062;1371;147.99;166.871
1062;1372;6.44;7.899
1063;0;151.27;172.5755
1063;1016;93.16;105.67233333333334
1063;1031;200.78;231.35600000000002
1063;1034;232.24;261.9791666666667
1063;1035;204.9;228.67383333333333
1063;1041;166.64;182.09783333333334
1063;1045;207.61;240.16783333333333
1063;1053;69.7;88.09016666666666
1063;1056;19.3;29.447333333333333
1063;1061;19.85;29.503
1063;1062;10.74;14.616999999999999
1063;1063;0.0;0.0
1063;1065;68.22;95.16083333333333
1063;1067;110.18;149.417
1063;1068;105.2;141.97233333333332
1063;1070;150.2;194.98233333333334
1063;1076;175.46;191.20016666666666
1063;1082;124.55;135.83933333333331
1063;1084;172.06;200.3383333333333
1063;1088;219.73;247.95683333333332
1063;1089;221.0;249.80249999999998
1063;1091;156.06;180.59366666666668
1063;1102;242.37;266.088
1063;1115;46.58;60.73833333333334
1063;1123;115.95;124.54616666666668
1063;1126;171.72;188.373
1063;1133;132.79;153.215
1063;1151;170.02;187.40200000000002
1063;1176;196.38;220.57616666666667
1063;1177;175.88;199.381
1063;1179;12.21;21.120166666666666
1063;1186;203.68;234.86749999999998
1063;1187;216.27;253.1165
1063;1204;67.33;94.91433333333333
1063;1213;158.51;178.52233333333334
1063;1231;229.91;256.7726666666667
1063;1236;189.59;219.26749999999998
1063;1255;240.74;267.054
1063;1273;155.05;172.78116666666668
1063;1313;50.17;71.33500000000001
1063;1315;205.8;232.655
1063;1350;205.58;231.875
1063;1371;162.07;188.95333333333335
1063;1372;6.11;8.425833333333333
1065;0;172.83;196.697
1065;1016;114.72;129.79383333333334
1065;1031;222.34;255.4775
1065;1034;253.8;286.10066666666665
1065;1035;226.46;252.79533333333333
1065;1041;188.2;206.21933333333334
1065;1045;229.18;264.28933333333333
1065;1053;73.56;99.53116666666666
1065;1056;44.37;60.696333333333335
1065;1061;73.23;89.76133333333334
1065;1062;69.51;93.73233333333333
1065;1063;68.22;95.16083333333333
1065;1065;0.0;0.0
1065;1067;131.16;172.38833333333332
1065;1068;126.18;164.94366666666667
1065;1070;183.41;232.04333333333335
1065;1076;196.44;214.1715
1065;1082;182.9;198.92016666666666
1065;1084;240.21;256.6465
1065;1088;240.71;270.9281666666667
1065;1089;241.98;272.77383333333336
1065;1091;177.04;203.56483333333333
1065;1102;263.35;289.05933333333337
1065;1115;116.74;137.013
1065;1123;174.3;187.62716666666665
1065;1126;192.71;211.3445
1065;1133;153.78;176.18633333333335
1065;1151;191.0;210.37333333333333
1065;1176;217.36;243.5475
1065;1177;196.86;222.35216666666665
1065;1179;64.68;84.41883333333334
1065;1186;224.66;257.83883333333335
1065;1187;237.25;276.0878333333333
1065;1204;1.04;1.8536666666666666
1065;1213;179.49;201.49383333333333
1065;1231;250.89;279.74399999999997
1065;1236;210.57;242.23883333333333
1065;1255;261.72;290.0253333333333
1065;1273;176.03;195.7525
1065;1313;71.57;95.19733333333333
1065;1315;226.78;255.62633333333332
1065;1350;226.57;254.84633333333335
1065;1371;183.05;211.92466666666667
1065;1372;69.89;94.53850000000001
1067;0;73.16;86.94166666666666
1067;1016;100.9;119.85733333333333
1067;1031;67.2;104.40316666666666
1067;1034;55.91;83.09066666666666
1067;1035;126.79;143.04016666666666
1067;1041;111.62;130.5965
1067;1045;156.21;190.78266666666664
1067;1053;95.75;115.98583333333333
1067;1056;109.25;149.26033333333334
1067;1061;88.06;117.26416666666667
1067;1062;96.1;127.33466666666666
1067;1063;110.18;149.417
1067;1065;131.16;172.38833333333332
1067;1067;0.0;0.0
1067;1068;5.46;9.915666666666668
1067;1070;40.55;59.405833333333334
1067;1076;119.75;138.1328333333333
1067;1082;136.45;155.325
1067;1084;163.52;180.60783333333333
1067;1088;50.71;71.409
1067;1089;50.46;72.68566666666668
1067;1091;76.9;92.23833333333333
1067;1102;170.42;197.04149999999998
1067;1115;154.83;178.87199999999999
1067;1123;110.98;126.209
1067;1126;116.01;135.30566666666667
1067;1133;56.91;70.13366666666667
1067;1151;114.31;134.33466666666666
1067;1176;117.21;132.221
1067;1177;96.71;111.02566666666667
1067;1179;102.87;141.44616666666667
1067;1186;140.96;178.63766666666666
1067;1187;169.8;201.592
1067;1204;130.38;172.9545
1067;1213;102.8;125.455
1067;1231;163.97;198.58433333333332
1067;1236;110.43;130.91233333333332
1067;1255;53.77;78.18066666666667
1067;1273;99.34;119.71383333333333
1067;1313;56.9;77.72016666666667
1067;1315;110.23;136.57583333333332
1067;1350;110.07;135.85183333333333
1067;1371;22.28;35.20283333333334
1067;1372;101.31;134.85816666666668
1068;0;68.15;78.20666666666666
1068;1016;95.89;111.12216666666667
1068;1031;117.66;136.98733333333334
1068;1034;54.01;80.07266666666666
1068;1035;121.78;134.30516666666668
1068;1041;106.61;121.86149999999999
1068;1045;151.2;182.0476666666667
1068;1053;90.74;107.25066666666666
1068;1056;104.27;141.8156666666667
1068;1061;83.08;109.8195
1068;1062;91.12;119.89
1068;1063;105.2;141.97233333333332
1068;1065;126.18;164.94366666666667
1068;1067;5.46;9.915666666666668
1068;1068;0.0;0.0
1068;1070;38.56;56.229166666666664
1068;1076;114.68;129.39516666666665
1068;1082;131.38;146.5875
1068;1084;158.45;171.87016666666665
1068;1088;48.72;68.2325
1068;1089;48.47;69.509
1068;1091;71.83;83.50083333333333
1068;1102;165.36;188.304
1068;1115;149.77;170.1345
1068;1123;105.91;117.4715
1068;1126;110.95;126.56816666666667
1068;1133;51.85;61.396166666666666
1068;1151;109.24;125.59716666666667
1068;1176;112.15;123.48333333333333
1068;1177;91.65;102.28816666666667
1068;1179;97.82;133.86966666666666
1068;1186;135.89;169.9
1068;1187;164.73;192.8545
1068;1204;125.33;165.3781666666667
1068;1213;97.73;116.7175
1068;1231;158.91;189.84683333333334
1068;1236;105.36;122.17466666666665
1068;1255;51.79;75.00416666666666
1068;1273;94.28;110.97616666666666
1068;1313;51.86;70.14366666666666
1068;1315;105.17;127.83833333333334
1068;1350;105.0;127.11433333333333
1068;1371;29.05;43.62983333333333
1068;1372;96.27;127.28183333333332
1070;0;105.12;131.4265
1070;1016;132.85;164.34216666666669
1070;1031;74.49;105.639
1070;1034;38.06;54.263333333333335
1070;1035;65.73;86.167
1070;1041;143.57;175.08133333333333
1070;1045;179.09;215.95566666666667
1070;1053;96.14;126.43183333333333
1070;1056;183.07;218.88183333333333
1070;1061;117.79;159.06083333333333
1070;1062;125.83;169.13133333333332
1070;1063;150.2;194.98233333333334
1070;1065;183.41;232.04333333333335
1070;1067;40.55;59.405833333333334
1070;1068;38.56;56.229166666666664
1070;1070;0.0;0.0
1070;1076;151.77;183.0546666666667
1070;1082;168.47;200.24699999999999
1070;1084;195.54;225.52966666666669
1070;1088;37.89;54.966833333333334
1070;1089;35.56;51.31133333333333
1070;1091;113.31;138.408
1070;1102;194.77;229.95133333333334
1070;1115;186.85;223.7938333333333
1070;1123;143.0;171.131
1070;1126;148.03;180.22766666666666
1070;1133;88.93;115.05566666666667
1070;1151;143.4;178.93516666666667
1070;1176;78.66;106.91133333333333
1070;1177;89.76;109.7735
1070;1179;192.18;224.36049999999997
1070;1186;165.31;211.5475
1070;1187;194.15;234.50183333333334
1070;1204;183.02;230.39283333333333
1070;1213;130.3;170.95116666666667
1070;1231;188.32;231.49416666666667
1070;1236;103.47;129.66
1070;1255;19.34;29.329333333333334
1070;1273;129.31;165.85750000000002
1070;1313;79.94;110.88466666666666
1070;1315;111.44;140.28216666666668
1070;1350;111.27;139.55816666666666
1070;1371;57.53;87.16316666666667
1070;1372;151.22;193.70633333333333
1076;0;63.9;79.18066666666667
1076;1016;84.23;92.87650000000001
1076;1031;115.78;136.389
1076;1034;147.24;167.01216666666667
1076;1035;119.9;133.70683333333332
1076;1041;16.78;26.465833333333332
1076;1045;87.5;116.78883333333333
1076;1053;181.1;195.10883333333334
1076;1056;174.54;191.04350000000002
1076;1061;153.34;159.04733333333334
1076;1062;161.38;169.11783333333332
1076;1063;175.46;191.20016666666666
1076;1065;196.44;214.1715
1076;1067;119.75;138.1328333333333
1076;1068;114.68;129.39516666666665
1076;1070;151.77;183.0546666666667
1076;1076;0.0;0.0
1076;1082;65.25;86.64033333333333
1076;1084;57.33;68.32533333333335
1076;1088;135.3;154.73533333333336
1076;1089;136.58;156.58100000000002
1076;1091;71.64;87.37216666666667
1076;1102;122.41;143.1461666666667
1076;1115;134.54;143.42983333333333
1076;1123;73.27;80.97683333333333
1076;1126;12.22;20.616666666666667
1076;1133;69.96;83.87416666666667
1076;1151;50.06;64.46016666666667
1076;1176;111.96;127.35483333333333
1076;1177;91.46;106.1595
1076;1179;168.22;182.33883333333333
1076;1186;83.71;111.92566666666667
1076;1187;96.31;130.17466666666667
1076;1204;195.73;213.84716666666665
1076;1213;38.54;54.38
1076;1231;85.28;110.51233333333333
1076;1236;105.17;126.04616666666668
1076;1255;156.32;173.83266666666665
1076;1273;34.8;47.214666666666666
1076;1313;148.07;158.03733333333332
1076;1315;85.83;109.71316666666667
1076;1350;85.62;108.93299999999999
1076;1371;89.97;109.2435
1076;1372;157.15;171.88233333333335
1082;0;72.65;87.86999999999999
1082;1016;84.04;94.542
1082;1031;132.47;153.58133333333333
1082;1034;163.94;184.2045
1082;1035;136.59;150.89916666666667
1082;1041;90.32;102.21849999999999
1082;1045;131.3;160.2885
1082;1053;200.04;207.75383333333332
1082;1056;133.3;137.62966666666668
1082;1061;151.43;161.33183333333332
1082;1062;139.85;148.35966666666667
1082;1063;124.55;135.83933333333331
1082;1065;182.9;198.92016666666666
1082;1067;136.45;155.325
1082;1068;131.38;146.5875
1082;1070;168.47;200.24699999999999
1082;1076;65.25;86.64033333333333
1082;1082;0.0;0.0
1082;1084;50.99;70.63516666666666
1082;1088;151.54;170.57000000000002
1082;1089;152.82;172.41566666666668
1082;1091;87.88;103.20666666666666
1082;1102;170.76;192.18699999999998
1082;1115;71.95;80.10216666666666
1082;1123;28.59;37.473166666666664
1082;1126;100.11;114.472
1082;1133;86.19;99.70866666666667
1082;1151;98.41;113.501
1082;1176;128.19;143.18933333333334
1082;1177;107.69;121.994
1082;1179;136.07;141.32566666666668
1082;1186;132.06;160.9665
1082;1187;144.66;179.2155
1082;1204;182.21;198.59966666666665
1082;1213;86.9;104.62133333333333
1082;1231;158.3;182.87166666666664
1082;1236;121.41;141.88066666666666
1082;1255;172.55;189.66716666666667
1082;1273;83.44;98.88016666666667
1082;1313;146.77;157.70166666666668
1082;1315;134.18;158.754
1082;1350;133.97;157.97400000000002
1082;1371;106.21;125.078
1082;1372;107.25;122.13000000000001
1084;0;107.67;121.65566666666668
1084;1016;127.99;135.35150000000002
1084;1031;159.54;178.864
1084;1034;191.01;209.48716666666667
1084;1035;163.66;176.18183333333334
1084;1041;76.08;86.634
1084;1045;111.94;143.3415
1084;1053;224.86;237.58383333333333
1084;1056;180.82;202.12866666666665
1084;1061;197.11;201.52233333333334
1084;1062;205.15;211.59283333333332
1084;1063;172.06;200.3383333333333
1084;1065;240.21;256.6465
1084;1067;163.52;180.60783333333333
1084;1068;158.45;171.87016666666665
1084;1070;195.54;225.52966666666669
1084;1076;57.33;68.32533333333335
1084;1082;50.99;70.63516666666666
1084;1084;0.0;0.0
1084;1088;177.91;193.47
1084;1089;179.18;195.3156666666667
1084;1091;114.25;126.10666666666665
1084;1102;165.01;181.88066666666666
1084;1115;119.57;144.93483333333333
1084;1123;115.88;119.71149999999999
1084;1126;80.42;88.966
1084;1133;112.56;122.60883333333332
1084;1151;92.66;103.19483333333332
1084;1176;154.56;166.08933333333334
1084;1177;134.06;144.89399999999998
1084;1179;210.82;221.0735
1084;1186;110.05;138.82616666666667
1084;1187;107.82;143.83333333333334
1084;1204;238.34;252.58183333333332
1084;1213;81.15;93.11466666666666
1084;1231;105.4;131.89133333333334
1084;1236;147.77;164.78066666666666
1084;1255;198.92;212.56716666666668
1084;1273;77.41;85.94933333333333
1084;1313;190.68;196.772
1084;1315;128.44;148.44766666666666
1084;1350;128.23;147.66766666666666
1084;1371;132.58;147.978
1084;1372;199.75;210.61700000000002
1088;0;79.16;97.28116666666666
1088;1016;128.49;149.63316666666665
1088;1031;34.89;58.61566666666667
1088;1034;17.94;30.563666666666666
1088;1035;26.14;39.14366666666667
1088;1041;126.89;146.86083333333332
1088;1045;139.49;168.93216666666666
1088;1053;137.86;172.47383333333335
1088;1056;218.8;247.80016666666668
1088;1061;197.61;215.804
1088;1062;205.65;225.87449999999998
1088;1063;219.73;247.95683333333332
1088;1065;240.71;270.9281666666667
1088;1067;50.71;71.409
1088;1068;48.72;68.2325
1088;1070;37.89;54.966833333333334
1088;1076;135.3;154.73533333333336
1088;1082;151.54;170.57000000000002
1088;1084;177.91;193.47
1088;1088;0.0;0.0
1088;1089;3.03;6.323666666666667
1088;1091;73.48;90.65816666666666
1088;1102;154.94;182.20133333333334
1088;1115;191.08;211.84816666666666
1088;1123;129.81;149.39533333333333
1088;1126;134.84;158.49200000000002
1088;1133;95.39;116.05566666666667
1088;1151;103.56;131.18533333333332
1088;1176;38.83;59.16133333333333
1088;1177;49.93;62.0235
1088;1179;216.74;248.65283333333335
1088;1186;125.48;163.7975
1088;1187;154.32;186.752
1088;1204;244.25;280.16116666666665
1088;1213;90.47;123.20116666666667
1088;1231;148.49;183.74433333333334
1088;1236;63.64;81.91016666666665
1088;1255;45.21;62.877500000000005
1088;1273;89.48;118.10766666666667
1088;1313;99.04;135.512
1088;1315;71.61;92.53216666666667
1088;1350;71.44;91.80816666666666
1088;1371;42.79;65.65666666666667
1088;1372;205.67;238.19633333333334
1089;0;80.44;99.12683333333332
1089;1016;129.77;151.4788333333333
1089;1031;36.16;60.46133333333333
1089;1034;15.62;26.908166666666666
1089;1035;27.41;40.989333333333335
1089;1041;128.16;148.70649999999998
1089;1045;140.77;170.77783333333335
1089;1053;137.61;173.75050000000002
1089;1056;220.08;249.64583333333334
1089;1061;198.88;217.64966666666666
1089;1062;206.92;227.72016666666664
1089;1063;221.0;249.80249999999998
1089;1065;241.98;272.77383333333336
1089;1067;50.46;72.68566666666668
1089;1068;48.47;69.509
1089;1070;35.56;51.31133333333333
1089;1076;136.58;156.58100000000002
1089;1082;152.82;172.41566666666668
1089;1084;179.18;195.3156666666667
1089;1088;3.03;6.323666666666667
1089;1089;0.0;0.0
1089;1091;74.72;92.44383333333333
1089;1102;156.18;183.98716666666667
1089;1115;192.32;213.63383333333334
1089;1123;131.05;151.181
1089;1126;136.08;160.27766666666668
1089;1133;96.63;117.84133333333332
1089;1151;104.8;132.971
1089;1176;40.07;60.947
1089;1177;51.17;63.80916666666667
1089;1179;217.98;250.4385
1089;1186;126.72;165.58316666666667
1089;1187;155.56;188.53766666666667
1089;1204;245.49;281.94683333333336
1089;1213;91.71;124.98683333333334
1089;1231;149.73;185.53
1089;1236;64.88;83.69583333333334
1089;1255;34.9;51.15383333333333
1089;1273;90.72;119.89333333333335
1089;1313;98.79;136.78866666666667
1089;1315;72.85;94.318
1089;1350;72.68;93.59383333333334
1089;1371;42.54;66.93333333333334
1089;1372;206.91;239.982
1091;0;25.13;38.01466666666667
1091;1016;64.83;82.27
1091;1031;29.89;51.332166666666666
1091;1034;82.14;96.35116666666666
1091;1035;54.8;63.045833333333334
1091;1041;63.22;79.49766666666666
1091;1045;84.22;110.78833333333334
1091;1053;154.57;177.9741666666667
1091;1056;155.14;180.43699999999998
1091;1061;133.94;148.4406666666667
1091;1062;141.98;158.51116666666667
1091;1063;156.06;180.59366666666668
1091;1065;177.04;203.56483333333333
1091;1067;76.9;92.23833333333333
1091;1068;71.83;83.50083333333333
1091;1070;113.31;138.408
1091;1076;71.64;87.37216666666667
1091;1082;87.88;103.20666666666666
1091;1084;114.25;126.10666666666665
1091;1088;73.48;90.65816666666666
1091;1089;74.72;92.44383333333333
1091;1091;0.0;0.0
1091;1102;99.29;119.92166666666667
1091;1115;123.76;137.54066666666668
1091;1123;62.5;75.08783333333334
1091;1126;67.53;84.1845
1091;1133;28.08;41.74816666666666
1091;1151;47.91;68.9055
1091;1176;46.08;55.10116666666667
1091;1177;25.58;33.905833333333334
1091;1179;149.43;174.34533333333331
1091;1186;69.83;101.51766666666667
1091;1187;98.67;124.47216666666667
1091;1204;176.94;205.85366666666667
1091;1213;48.93;73.539
1091;1231;92.84;121.4645
1091;1236;39.29;53.792500000000004
1091;1255;90.44;101.57883333333332
1091;1273;33.83;55.82783333333334
1091;1313;129.28;150.0438333333333
1091;1315;39.1;59.456
1091;1350;38.93;58.732
1091;1371;48.1;67.11733333333333
1091;1372;138.36;163.88883333333334
1102;0;86.2;105.8305
1102;1016;151.14;167.76450000000003
1102;1031;132.14;157.27133333333333
1102;1034;163.6;187.8945
1102;1035;136.26;154.58916666666667
1102;1041;113.99;135.27166666666668
1102;1045;38.04;54.425666666666665
1102;1053;248.01;269.99666666666667
1102;1056;241.44;265.9313333333333
1102;1061;220.25;233.93516666666667
1102;1062;228.29;244.00566666666666
1102;1063;242.37;266.088
1102;1065;263.35;289.05933333333337
1102;1067;170.42;197.04149999999998
1102;1068;165.36;188.304
1102;1070;194.77;229.95133333333334
1102;1076;122.41;143.1461666666667
1102;1082;170.76;192.18699999999998
1102;1084;165.01;181.88066666666666
1102;1088;154.94;182.20133333333334
1102;1089;156.18;183.98716666666667
1102;1091;99.29;119.92166666666667
1102;1102;0.0;0.0
1102;1115;200.59;216.22899999999998
1102;1123;139.32;153.77616666666665
1102;1126;117.25;136.56550000000001
1102;1133;121.54;146.09883333333335
1102;1151;98.16;115.75666666666666
1102;1176;131.55;151.46466666666666
1102;1177;68.96;96.5265
1102;1179;234.27;255.13816666666668
1102;1186;39.42;58.971333333333334
1102;1187;39.43;56.675333333333334
1102;1204;261.78;286.6465
1102;1213;99.17;120.39016666666666
1102;1231;46.63;65.884
1102;1236;59.51;81.18883333333333
1102;1255;175.91;197.94233333333335
1102;1273;84.07;102.679
1102;1313;214.12;230.83666666666667
1102;1315;54.62;67.51083333333334
1102;1350;55.52;67.78450000000001
1102;1371;141.55;171.46816666666666
1102;1372;223.2;244.68166666666667
1115;0;108.45;121.20683333333334
1115;1016;56.09;67.75166666666667
1115;1031;168.27;186.91816666666668
1115;1034;199.74;217.5413333333333
1115;1035;172.39;184.236
1115;1041;126.12;135.55516666666668
1115;1045;167.1;193.62533333333334
1115;1053;101.4;117.95033333333335
1115;1056;80.03;86.9855
1115;1061;73.64;81.88883333333334
1115;1062;42.78;56.95233333333333
1115;1063;46.58;60.73833333333334
1115;1065;116.74;137.013
1115;1067;154.83;178.87199999999999
1115;1068;149.77;170.1345
1115;1070;186.85;223.7938333333333
1115;1076;134.54;143.42983333333333
1115;1082;71.95;80.10216666666666
1115;1084;119.57;144.93483333333333
1115;1088;191.08;211.84816666666666
1115;1089;192.32;213.63383333333334
1115;1091;123.76;137.54066666666668
1115;1102;200.59;216.22899999999998
1115;1115;0.0;0.0
1115;1123;63.26;68.12883333333333
1115;1126;134.78;145.12783333333334
1115;1133;95.31;112.69533333333334
1115;1151;133.08;144.15683333333334
1115;1176;162.86;173.845
1115;1177;142.36;152.64983333333333
1115;1179;83.38;90.98066666666666
1115;1186;166.73;191.62216666666666
1115;1187;179.32;209.87133333333335
1115;1204;115.14;133.6615
1115;1213;121.56;135.27716666666666
1115;1231;192.96;213.52733333333333
1115;1236;156.07;172.53633333333335
1115;1255;207.22;220.32283333333334
1115;1273;118.11;129.53583333333333
1115;1313;67.48;77.85166666666667
1115;1315;168.85;189.40966666666665
1115;1350;168.64;188.62966666666668
1115;1371;124.59;148.43366666666668
1115;1372;38.21;51.8335
1123;0;47.18;58.754
1123;1016;58.57;65.426
1123;1031;107.01;124.46533333333333
1123;1034;138.47;155.0883333333333
1123;1035;111.13;121.78316666666666
1123;1041;64.85;73.10233333333333
1123;1045;105.83;131.1725
1123;1053;155.44;167.65816666666666
1123;1056;124.7;126.33649999999999
1123;1061;127.69;131.59666666666666
1123;1062;131.25;137.06666666666666
1123;1063;115.95;124.54616666666668
1123;1065;174.3;187.62716666666665
1123;1067;110.98;126.209
1123;1068;105.91;117.4715
1123;1070;143.0;171.131
1123;1076;73.27;80.97683333333333
1123;1082;28.59;37.473166666666664
1123;1084;115.88;119.71149999999999
1123;1088;129.81;149.39533333333333
1123;1089;131.05;151.181
1123;1091;62.5;75.08783333333334
1123;1102;139.32;153.77616666666665
1123;1115;63.26;68.12883333333333
1123;1123;0.0;0.0
1123;1126;74.52;84.821
1123;1133;60.61;70.05766666666666
1123;1151;72.82;83.85
1123;1176;102.61;113.53833333333334
1123;1177;82.11;92.343
1123;1179;128.68;132.32016666666667
1123;1186;106.48;131.31550000000001
1123;1187;119.07;149.5645
1123;1204;168.85;183.86066666666665
1123;1213;61.31;74.97033333333334
1123;1231;132.71;153.22066666666666
1123;1236;95.82;112.22966666666666
1123;1255;146.97;160.01616666666666
1123;1273;57.85;69.22916666666667
1123;1313;121.19;128.05066666666667
1123;1315;108.6;129.103
1123;1350;108.39;128.323
1123;1371;80.62;95.42699999999999
1123;1372;99.85;113.1245
1126;0;60.16;76.3535
1126;1016;80.49;90.04950000000001
1126;1031;112.04;133.562
1126;1034;143.5;164.18516666666667
1126;1035;116.16;130.87983333333332
1126;1041;8.22;12.869166666666667
1126;1045;53.96;81.55933333333334
1126;1053;177.36;192.28166666666667
1126;1056;170.8;188.2165
1126;1061;149.6;156.22016666666664
1126;1062;157.65;166.29066666666668
1126;1063;171.72;188.373
1126;1065;192.71;211.3445
1126;1067;116.01;135.30566666666667
1126;1068;110.95;126.56816666666667
1126;1070;148.03;180.22766666666666
1126;1076;12.22;20.616666666666667
1126;1082;100.11;114.472
1126;1084;80.42;88.966
1126;1088;134.84;158.49200000000002
1126;1089;136.08;160.27766666666668
1126;1091;67.53;84.1845
1126;1102;117.25;136.56550000000001
1126;1115;134.78;145.12783333333334
1126;1123;74.52;84.821
1126;1126;0.0;0.0
1126;1133;66.32;80.48266666666667
1126;1151;34.23;45.543
1126;1176;108.32;123.96333333333334
1126;1177;87.82;102.768
1126;1179;164.59;178.94750000000002
1126;1186;49.89;74.57300000000001
1126;1187;62.48;92.82199999999999
1126;1204;192.1;210.45583333333335
1126;1213;34.91;50.98866666666667
1126;1231;73.67;92.48433333333334
1126;1236;101.54;122.65466666666666
1126;1255;152.68;170.44116666666665
1126;1273;31.17;43.823166666666665
1126;1313;144.44;154.64600000000002
1126;1315;82.2;106.32166666666667
1126;1350;81.99;105.54166666666667
1126;1371;86.34;105.852
1126;1372;153.51;168.49099999999999
1133;0;23.08;32.344833333333334
1133;1016;41.56;54.891333333333336
1133;1031;72.59;91.1255
1133;1034;104.05;121.74866666666667
1133;1035;76.71;88.44333333333334
1133;1041;61.54;75.99966666666666
1133;1045;106.13;136.18583333333333
1133;1053;138.43;157.12366666666668
1133;1056;131.87;153.05833333333334
1133;1061;110.67;121.06216666666666
1133;1062;118.72;131.13266666666667
1133;1063;132.79;153.215
1133;1065;153.78;176.18633333333335
1133;1067;56.91;70.13366666666667
1133;1068;51.85;61.396166666666666
1133;1070;88.93;115.05566666666667
1133;1076;69.96;83.87416666666667
1133;1082;86.19;99.70866666666667
1133;1084;112.56;122.60883333333332
1133;1088;95.39;116.05566666666667
1133;1089;96.63;117.84133333333332
1133;1091;28.08;41.74816666666666
1133;1102;121.54;146.09883333333335
1133;1115;95.31;112.69533333333334
1133;1123;60.61;70.05766666666666
1133;1126;66.32;80.48266666666667
1133;1133;0.0;0.0
1133;1151;64.89;81.47616666666666
1133;1176;67.8;79.3625
1133;1177;47.3;58.16716666666667
1133;1179;126.13;144.92166666666665
1133;1186;91.54;125.77916666666667
1133;1187;120.38;148.7335
1133;1204;153.64;176.42999999999998
1133;1213;53.38;72.5965
1133;1231;114.56;145.72583333333333
1133;1236;61.01;78.05383333333333
1133;1255;112.16;125.84033333333333
1133;1273;49.93;66.85516666666666
1133;1313;105.98;120.62016666666666
1133;1315;60.82;83.71733333333333
1133;1350;60.65;82.99333333333334
1133;1371;26.83;41.05783333333333
1133;1372;115.06;134.46516666666668
1151;0;34.83;54.814499999999995
1151;1016;78.79;89.0785
1151;1031;80.76;106.25516666666667
1151;1034;112.22;136.87833333333336
1151;1035;84.88;103.57300000000001
1151;1041;30.71;42.026833333333336
1151;1045;36.79;58.8285
1151;1053;175.66;191.31066666666666
1151;1056;169.1;187.24533333333332
1151;1061;147.9;155.24916666666667
1151;1062;155.94;165.31966666666668
1151;1063;170.02;187.40200000000002
1151;1065;191.0;210.37333333333333
1151;1067;114.31;134.33466666666666
1151;1068;109.24;125.59716666666667
1151;1070;143.4;178.93516666666667
1151;1076;50.06;64.46016666666667
1151;1082;98.41;113.501
1151;1084;92.66;103.19483333333332
1151;1088;103.56;131.18533333333332
1151;1089;104.8;132.971
1151;1091;47.91;68.9055
1151;1102;98.16;115.75666666666666
1151;1115;133.08;144.15683333333334
1151;1123;72.82;83.85
1151;1126;34.23;45.543
1151;1133;64.89;81.47616666666666
1151;1151;0.0;0.0
1151;1176;80.76;101.52466666666666
1151;1177;60.26;80.32933333333334
1151;1179;162.5;178.01916666666665
1151;1186;32.45;51.14216666666667
1151;1187;45.04;69.39116666666668
1151;1204;190.01;209.5275
1151;1213;27.41;43.271166666666666
1151;1231;44.83;66.6105
1151;1236;73.97;100.216
1151;1255;125.12;148.00233333333333
1151;1273;20.26;34.195166666666665
1151;1313;142.35;153.7175
1151;1315;62.26;84.38016666666667
1151;1350;62.05;83.6
1151;1371;84.25;104.92366666666666
1151;1372;151.43;167.56266666666667
1176;0;55.81;69.90066666666667
1176;1016;105.14;122.2525
1176;1031;0.58;2.1015
1176;1034;47.49;64.8545
1176;1035;16.46;31.542333333333332
1176;1041;103.54;119.48033333333333
1176;1045;116.14;141.55166666666668
1176;1053;194.89;217.95683333333332
1176;1056;195.45;220.4195
1176;1061;174.26;188.42333333333332
1176;1062;182.3;198.49383333333333
1176;1063;196.38;220.57616666666667
1176;1065;217.36;243.5475
1176;1067;117.21;132.221
1176;1068;112.15;123.48333333333333
1176;1070;78.66;106.91133333333333
1176;1076;111.96;127.35483333333333
1176;1082;128.19;143.18933333333334
1176;1084;154.56;166.08933333333334
1176;1088;38.83;59.16133333333333
1176;1089;40.07;60.947
1176;1091;46.08;55.10116666666667
1176;1102;131.55;151.46466666666666
1176;1115;162.86;173.845
1176;1123;102.61;113.53833333333334
1176;1126;108.32;123.96333333333334
1176;1133;67.8;79.3625
1176;1151;80.76;101.52466666666666
1176;1176;0.0;0.0
1176;1177;27.04;36.5455
1176;1179;193.85;223.17483333333334
1176;1186;102.59;138.3195
1176;1187;131.43;161.274
1176;1204;221.36;254.68316666666666
1176;1213;67.58;97.72316666666667
1176;1231;125.6;158.26616666666666
1176;1236;40.75;56.43216666666667
1176;1255;59.06;76.61933333333333
1176;1273;66.59;92.62966666666667
1176;1313;173.7;198.87316666666666
1176;1315;48.72;67.05416666666666
1176;1350;48.55;66.33016666666667
1176;1371;47.35;74.83133333333333
1176;1372;182.78;212.71816666666666
1177;0;35.31;48.705333333333336
1177;1016;84.64;101.05733333333333
1177;1031;27.13;37.0935
1177;1034;58.59;67.71666666666667
1177;1035;31.24;34.41133333333333
1177;1041;83.04;98.28500000000001
1177;1045;63.83;91.77733333333335
1177;1053;174.39;196.7615
1177;1056;174.95;199.2243333333333
1177;1061;153.76;167.228
1177;1062;161.8;177.2985
1177;1063;175.88;199.381
1177;1065;196.86;222.35216666666665
1177;1067;96.71;111.02566666666667
1177;1068;91.65;102.28816666666667
1177;1070;89.76;109.7735
1177;1076;91.46;106.1595
1177;1082;107.69;121.994
1177;1084;134.06;144.89399999999998
1177;1088;49.93;62.0235
1177;1089;51.17;63.80916666666667
1177;1091;25.58;33.905833333333334
1177;1102;68.96;96.5265
1177;1115;142.36;152.64983333333333
1177;1123;82.11;92.343
1177;1126;87.82;102.768
1177;1133;47.3;58.16716666666667
1177;1151;60.26;80.32933333333334
1177;1176;27.04;36.5455
1177;1177;0.0;0.0
1177;1179;172.4;197.43083333333334
1177;1186;81.13;112.57566666666666
1177;1187;68.06;99.64750000000001
1177;1204;199.91;228.93916666666667
1177;1213;46.12;71.97916666666667
1177;1231;72.58;102.09916666666666
1177;1236;16.39;26.084833333333332
1177;1255;71.44;81.57066666666667
1177;1273;45.13;66.88566666666667
1177;1313;152.25;173.12933333333334
1177;1315;24.35;36.707
1177;1350;24.19;35.983
1177;1371;71.06;90.203
1177;1372;161.33;186.9743333333333
1179;0;144.43;164.942
1179;1016;86.32;98.039
1179;1031;193.94;223.72266666666667
1179;1034;225.4;254.34583333333333
1179;1035;198.06;221.0405
1179;1041;159.8;174.46433333333334
1179;1045;200.78;232.53433333333334
1179;1053;81.82;93.2525
1179;1056;10.46;15.079666666666666
1179;1061;15.47;23.032500000000002
1179;1062;13.57;20.716833333333334
1179;1063;12.21;21.120166666666666
1179;1065;64.68;84.41883333333334
1179;1067;102.87;141.44616666666667
1179;1068;97.82;133.86966666666666
1179;1070;192.18;224.36049999999997
1179;1076;168.22;182.33883333333333
1179;1082;136.07;141.32566666666668
1179;1084;210.82;221.0735
1179;1088;216.74;248.65283333333335
1179;1089;217.98;250.4385
1179;1091;149.43;174.34533333333331
1179;1102;234.27;255.13816666666668
1179;1115;83.38;90.98066666666666
1179;1123;128.68;132.32016666666667
1179;1126;164.59;178.94750000000002
1179;1133;126.13;144.92166666666665
1179;1151;162.5;178.01916666666665
1179;1176;193.85;223.17483333333334
1179;1177;172.4;197.43083333333334
1179;1179;0.0;0.0
1179;1186;196.91;227.13400000000001
1179;1187;209.51;245.38316666666665
1179;1204;63.63;83.96766666666667
1179;1213;151.75;170.78900000000002
1179;1231;223.15;249.03916666666666
1179;1236;182.83;211.53400000000002
1179;1255;233.98;259.3205
1179;1273;148.29;165.0476666666667
1179;1313;43.41;63.6015
1179;1315;199.03;224.9215
1179;1350;198.82;224.1415
1179;1371;155.31;181.22
1179;1372;13.7;20.99416666666667
1186;0;56.74;87.42666666666668
1186;1016;112.44;136.5438333333333
1186;1031;102.67;138.86749999999998
1186;1034;134.14;169.4905
1186;1035;106.79;136.18533333333332
1186;1041;46.37;71.05683333333333
1186;1045;5.4;14.632833333333334
1186;1053;209.31;238.77616666666665
1186;1056;202.75;234.71083333333334
1186;1061;181.56;202.71466666666666
1186;1062;189.6;212.78516666666667
1186;1063;203.68;234.86749999999998
1186;1065;224.66;257.83883333333335
1186;1067;140.96;178.63766666666666
1186;1068;135.89;169.9
1186;1070;165.31;211.5475
1186;1076;83.71;111.92566666666667
1186;1082;132.06;160.9665
1186;1084;110.05;138.82616666666667
1186;1088;125.48;163.7975
1186;1089;126.72;165.58316666666667
1186;1091;69.83;101.51766666666667
1186;1102;39.42;58.971333333333334
1186;1115;166.73;191.62216666666666
1186;1123;106.48;131.31550000000001
1186;1126;49.89;74.57300000000001
1186;1133;91.54;125.77916666666667
1186;1151;32.45;51.14216666666667
1186;1176;102.59;138.3195
1186;1177;81.13;112.57566666666666
1186;1179;196.91;227.13400000000001
1186;1186;0.0;0.0
1186;1187;13.84;25.8385
1186;1204;223.78;256.26166666666666
1186;1213;61.18;90.00533333333333
1186;1231;14.12;22.265333333333334
1186;1236;60.53;86.16266666666667
1186;1255;146.13;178.4225
1186;1273;54.03;80.9295
1186;1313;176.12;200.45183333333335
1186;1315;36.47;52.965
1186;1350;37.36;53.23883333333333
1186;1371;118.02;151.658
1186;1372;185.2;214.29683333333332
1187;0;85.58;110.381
1187;1016;125.04;154.793
1187;1031;131.51;161.82183333333333
1187;1034;162.98;192.44500000000002
1187;1035;135.63;159.13966666666664
1187;1041;58.97;89.30583333333334
1187;1045;11.93;19.8445
1187;1053;221.91;257.0251666666667
1187;1056;215.34;252.95983333333334
1187;1061;194.15;220.96366666666665
1187;1062;202.19;231.03416666666666
1187;1063;216.27;253.1165
1187;1065;237.25;276.0878333333333
1187;1067;169.8;201.592
1187;1068;164.73;192.8545
1187;1070;194.15;234.50183333333334
1187;1076;96.31;130.17466666666667
1187;1082;144.66;179.2155
1187;1084;107.82;143.83333333333334
1187;1088;154.32;186.752
1187;1089;155.56;188.53766666666667
1187;1091;98.67;124.47216666666667
1187;1102;39.43;56.675333333333334
1187;1115;179.32;209.87133333333335
1187;1123;119.07;149.5645
1187;1126;62.48;92.82199999999999
1187;1133;120.38;148.7335
1187;1151;45.04;69.39116666666668
1187;1176;131.43;161.274
1187;1177;68.06;99.64750000000001
1187;1179;209.51;245.38316666666665
1187;1186;13.84;25.8385
1187;1187;0.0;0.0
1187;1204;260.98;289.8315
1187;1213;98.37;123.57516666666668
1187;1231;12.87;19.64466666666667
1187;1236;58.35;83.60266666666666
1187;1255;175.11;201.1275
1187;1273;83.27;105.864
1187;1313;213.32;234.02166666666665
1187;1315;53.82;70.69583333333334
1187;1350;54.72;70.9695
1187;1371;140.75;174.65316666666666
1187;1372;222.4;247.86666666666667
1204;0;171.94;196.4505
1204;1016;113.83;129.54733333333334
1204;1031;221.45;255.23100000000002
1204;1034;252.91;285.8541666666667
1204;1035;225.57;252.54883333333333
1204;1041;187.31;205.97266666666667
1204;1045;228.29;264.0428333333333
1204;1053;72.67;99.28466666666667
1204;1056;44.37;62.6015
1204;1061;72.34;89.51483333333334
1204;1062;68.62;93.48583333333333
1204;1063;67.33;94.91433333333333
1204;1065;1.04;1.8536666666666666
1204;1067;130.38;172.9545
1204;1068;125.33;165.3781666666667
1204;1070;183.02;230.39283333333333
1204;1076;195.73;213.84716666666665
1204;1082;182.21;198.59966666666665
1204;1084;238.34;252.58183333333332
1204;1088;244.25;280.16116666666665
1204;1089;245.49;281.94683333333336
1204;1091;176.94;205.85366666666667
1204;1102;261.78;286.6465
1204;1115;115.14;133.6615
1204;1123;168.85;183.86066666666665
1204;1126;192.1;210.45583333333335
1204;1133;153.64;176.42999999999998
1204;1151;190.01;209.5275
1204;1176;221.36;254.68316666666666
1204;1177;199.91;228.93916666666667
1204;1179;63.63;83.96766666666667
1204;1186;223.78;256.26166666666666
1204;1187;260.98;289.8315
1204;1204;0.0;0.0
1204;1213;178.6;201.24883333333335
1204;1231;250.0;279.49916666666667
1204;1236;209.68;241.994
1204;1255;260.83;289.7803333333333
1204;1273;175.15;195.50750000000002
1204;1313;70.68;94.95233333333334
1204;1315;225.89;255.38133333333332
1204;1350;225.68;254.60133333333334
1204;1371;182.16;211.67983333333333
1204;1372;69.0;94.29366666666667
1213;0;16.73;34.99066666666667
1213;1016;67.28;80.19883333333334
1213;1031;67.67;98.27116666666667
1213;1034;99.13;128.89416666666665
1213;1035;71.78;95.589
1213;1041;30.12;46.5055
1213;1045;65.68;97.78633333333333
1213;1053;164.15;182.431
1213;1056;157.58;178.36583333333334
1213;1061;136.39;146.3695
1213;1062;144.43;156.44
1213;1063;158.51;178.52233333333334
1213;1065;179.49;201.49383333333333
1213;1067;102.8;125.455
1213;1068;97.73;116.7175
1213;1070;130.3;170.95116666666667
1213;1076;38.54;54.38
1213;1082;86.9;104.62133333333333
1213;1084;81.15;93.11466666666666
1213;1088;90.47;123.20116666666667
1213;1089;91.71;124.98683333333334
1213;1091;48.93;73.539
1213;1102;99.17;120.39016666666666
1213;1115;121.56;135.27716666666666
1213;1123;61.31;74.97033333333334
1213;1126;34.91;50.98866666666667
1213;1133;53.38;72.5965
1213;1151;27.41;43.271166666666666
1213;1176;67.58;97.72316666666667
1213;1177;46.12;71.97916666666667
1213;1179;151.75;170.78900000000002
1213;1186;61.18;90.00533333333333
1213;1187;98.37;123.57516666666668
1213;1204;178.6;201.24883333333335
1213;1213;0.0;0.0
1213;1231;85.49;111.19966666666666
1213;1236;73.08;102.91766666666668
1213;1255;124.23;150.70416666666668
1213;1273;11.21;26.272
1213;1313;129.28;143.45649999999998
1213;1315;61.37;87.08200000000001
1213;1350;61.16;86.30183333333333
1213;1371;71.18;94.66266666666667
1213;1372;138.36;157.3015
1231;0;79.75;107.37333333333332
1231;1016;138.68;158.449
1231;1031;125.69;158.81416666666667
1231;1034;157.15;189.43733333333333
1231;1035;129.81;156.132
1231;1041;70.15;88.96816666666668
1231;1045;16.09;26.275333333333332
1231;1053;235.55;260.6813333333333
1231;1056;228.98;256.616
1231;1061;207.79;224.61983333333333
1231;1062;215.83;234.69033333333334
1231;1063;229.91;256.7726666666667
1231;1065;250.89;279.74399999999997
1231;1067;163.97;198.58433333333332
1231;1068;158.91;189.84683333333334
1231;1070;188.32;231.49416666666667
1231;1076;85.28;110.51233333333333
1231;1082;158.3;182.87166666666664
1231;1084;105.4;131.89133333333334
1231;1088;148.49;183.74433333333334
1231;1089;149.73;185.53
1231;1091;92.84;121.4645
1231;1102;46.63;65.884
1231;1115;192.96;213.52733333333333
1231;1123;132.71;153.22066666666666
1231;1126;73.67;92.48433333333334
1231;1133;114.56;145.72583333333333
1231;1151;44.83;66.6105
1231;1176;125.6;158.26616666666666
1231;1177;72.58;102.09916666666666
1231;1179;223.15;249.03916666666666
1231;1186;14.12;22.265333333333334
1231;1187;12.87;19.64466666666667
1231;1204;250.0;279.49916666666667
1231;1213;85.49;111.19966666666666
1231;1231;0.0;0.0
1231;1236;65.58;92.96066666666667
1231;1255;169.09;197.74766666666667
1231;1273;80.51;103.28083333333333
1231;1313;202.6;222.80316666666667
1231;1315;47.24;66.4715
1231;1350;48.14;66.74516666666666
1231;1371;144.5;174.00933333333333
1231;1372;211.68;236.64816666666667
1236;0;49.03;68.59200000000001
1236;1016;98.36;120.94383333333333
1236;1031;40.84;56.98016666666667
1236;1034;72.3;87.60316666666667
1236;1035;44.96;54.298
1236;1041;96.75;118.17166666666667
1236;1045;56.77;81.30816666666666
1236;1053;188.1;216.64816666666667
1236;1056;188.67;219.11083333333332
1236;1061;167.47;187.11466666666666
1236;1062;175.51;197.18516666666667
1236;1063;189.59;219.26749999999998
1236;1065;210.57;242.23883333333333
1236;1067;110.43;130.91233333333332
1236;1068;105.36;122.17466666666665
1236;1070;103.47;129.66
1236;1076;105.17;126.04616666666668
1236;1082;121.41;141.88066666666666
1236;1084;147.77;164.78066666666666
1236;1088;63.64;81.91016666666665
1236;1089;64.88;83.69583333333334
1236;1091;39.29;53.792500000000004
1236;1102;59.51;81.18883333333333
1236;1115;156.07;172.53633333333335
1236;1123;95.82;112.22966666666666
1236;1126;101.54;122.65466666666666
1236;1133;61.01;78.05383333333333
1236;1151;73.97;100.216
1236;1176;40.75;56.43216666666667
1236;1177;16.39;26.084833333333332
1236;1179;182.83;211.53400000000002
1236;1186;60.53;86.16266666666667
1236;1187;58.35;83.60266666666666
1236;1204;209.68;241.994
1236;1213;73.08;102.91766666666668
1236;1231;65.58;92.96066666666667
1236;1236;0.0;0.0
1236;1255;85.31;101.57416666666667
1236;1273;59.01;86.88916666666667
1236;1313;166.12;193.1328333333333
1236;1315;26.8;38.772333333333336
1236;1350;26.63;38.04833333333333
1236;1371;84.94;110.2065
1236;1372;175.2;206.97783333333334
1255;0;100.17;116.37833333333333
1255;1016;149.5;168.73033333333333
1255;1031;55.9;77.71283333333334
1255;1034;19.47;26.33716666666667
1255;1035;47.15;58.24083333333333
1255;1041;147.9;165.95816666666667
1255;1045;160.5;188.0295
1255;1053;117.05;154.27166666666665
1255;1056;239.81;266.89733333333334
1255;1061;218.62;234.90116666666665
1255;1062;226.66;244.97166666666666
1255;1063;240.74;267.054
1255;1065;261.72;290.0253333333333
1255;1067;53.77;78.18066666666667
1255;1068;51.79;75.00416666666666
1255;1070;19.34;29.329333333333334
1255;1076;156.32;173.83266666666665
1255;1082;172.55;189.66716666666667
1255;1084;198.92;212.56716666666668
1255;1088;45.21;62.877500000000005
1255;1089;34.9;51.15383333333333
1255;1091;90.44;101.57883333333332
1255;1102;175.91;197.94233333333335
1255;1115;207.22;220.32283333333334
1255;1123;146.97;160.01616666666666
1255;1126;152.68;170.44116666666665
1255;1133;112.16;125.84033333333333
1255;1151;125.12;148.00233333333333
1255;1176;59.06;76.61933333333333
1255;1177;71.44;81.57066666666667
1255;1179;233.98;259.3205
1255;1186;146.13;178.4225
1255;1187;175.11;201.1275
1255;1204;260.83;289.7803333333333
1255;1213;124.23;150.70416666666668
1255;1231;169.09;197.74766666666667
1255;1236;85.31;101.57416666666667
1255;1255;0.0;0.0
1255;1273;110.71;137.714
1255;1313;97.29;133.483
1255;1315;92.84;112.13850000000001
1255;1350;92.68;111.4145
1255;1371;61.72;90.50283333333333
1255;1372;226.91;257.8025
1273;0;16.51;34.6635
1273;1016;63.82;74.4575
1273;1031;66.68;93.1775
1273;1034;98.14;123.80066666666667
1273;1035;70.8;90.49533333333333
1273;1041;26.38;39.34016666666666
1273;1045;68.67;92.766
1273;1053;160.69;176.68983333333333
1273;1056;154.13;172.62449999999998
1273;1061;132.93;140.62833333333336
1273;1062;140.97;150.69883333333334
1273;1063;155.05;172.78116666666668
1273;1065;176.03;195.7525
1273;1067;99.34;119.71383333333333
1273;1068;94.28;110.97616666666666
1273;1070;129.31;165.85750000000002
1273;1076;34.8;47.214666666666666
1273;1082;83.44;98.88016666666667
1273;1084;77.41;85.94933333333333
1273;1088;89.48;118.10766666666667
1273;1089;90.72;119.89333333333335
1273;1091;33.83;55.82783333333334
1273;1102;84.07;102.679
1273;1115;118.11;129.53583333333333
1273;1123;57.85;69.22916666666667
1273;1126;31.17;43.823166666666665
1273;1133;49.93;66.85516666666666
1273;1151;20.26;34.195166666666665
1273;1176;66.59;92.62966666666667
1273;1177;45.13;66.88566666666667
1273;1179;148.29;165.0476666666667
1273;1186;54.03;80.9295
1273;1187;83.27;105.864
1273;1204;175.15;195.50750000000002
1273;1213;11.21;26.272
1273;1231;80.51;103.28083333333333
1273;1236;59.01;86.88916666666667
1273;1255;110.71;137.714
1273;1273;0.0;0.0
1273;1313;128.19;141.337
1273;1315;47.94;69.5635
1273;1350;47.73;68.78333333333333
1273;1371;70.09;92.54316666666666
1273;1372;137.27;155.18216666666666
1313;0;124.28;140.6405
1313;1016;66.17;73.7375
1313;1031;173.79;199.42116666666666
1313;1034;205.25;230.04433333333333
1313;1035;177.91;196.739
1313;1041;139.65;150.16283333333334
1313;1045;180.63;208.23283333333333
1313;1053;38.07;45.92383333333333
1313;1056;49.25;71.17833333333333
1313;1061;37.96;45.3755
1313;1062;46.0;55.446000000000005
1313;1063;50.17;71.33500000000001
1313;1065;71.57;95.19733333333333
1313;1067;56.9;77.72016666666667
1313;1068;51.86;70.14366666666666
1313;1070;79.94;110.88466666666666
1313;1076;148.07;158.03733333333332
1313;1082;146.77;157.70166666666668
1313;1084;190.68;196.772
1313;1088;99.04;135.512
1313;1089;98.79;136.78866666666667
1313;1091;129.28;150.0438333333333
1313;1102;214.12;230.83666666666667
1313;1115;67.48;77.85166666666667
1313;1123;121.19;128.05066666666667
1313;1126;144.44;154.64600000000002
1313;1133;105.98;120.62016666666666
1313;1151;142.35;153.7175
1313;1176;173.7;198.87316666666666
1313;1177;152.25;173.12933333333334
1313;1179;43.41;63.6015
1313;1186;176.12;200.45183333333335
1313;1187;213.32;234.02166666666665
1313;1204;70.68;94.95233333333334
1313;1213;129.28;143.45649999999998
1313;1231;202.6;222.80316666666667
1313;1236;166.12;193.1328333333333
1313;1255;97.29;133.483
1313;1273;128.19;141.337
1313;1313;0.0;0.0
1313;1315;177.81;198.3875
1313;1350;177.6;197.60750000000002
1313;1371;77.51;104.43983333333334
1313;1372;51.2;69.3035
1315;0;49.63;72.39750000000001
1315;1016;114.56;134.33133333333333
1315;1031;48.8;67.60216666666666
1315;1034;80.27;98.22533333333334
1315;1035;52.92;64.92
1315;1041;77.41;101.83866666666667
1315;1045;38.66;56.753166666666665
1315;1053;211.43;236.56366666666665
1315;1056;204.87;232.49833333333333
1315;1061;183.68;200.50216666666665
1315;1062;191.72;210.57266666666666
1315;1063;205.8;232.655
1315;1065;226.78;255.62633333333332
1315;1067;110.23;136.57583333333332
1315;1068;105.17;127.83833333333334
1315;1070;111.44;140.28216666666668
1315;1076;85.83;109.71316666666667
1315;1082;134.18;158.754
1315;1084;128.44;148.44766666666666
1315;1088;71.61;92.53216666666667
1315;1089;72.85;94.318
1315;1091;39.1;59.456
1315;1102;54.62;67.51083333333334
1315;1115;168.85;189.40966666666665
1315;1123;108.6;129.103
1315;1126;82.2;106.32166666666667
1315;1133;60.82;83.71733333333333
1315;1151;62.26;84.38016666666667
1315;1176;48.72;67.05416666666666
1315;1177;24.35;36.707
1315;1179;199.03;224.9215
1315;1186;36.47;52.965
1315;1187;53.82;70.69583333333334
1315;1204;225.89;255.38133333333332
1315;1213;61.37;87.08200000000001
1315;1231;47.24;66.4715
1315;1236;26.8;38.772333333333336
1315;1255;92.84;112.13850000000001
1315;1273;47.94;69.5635
1315;1313;177.81;198.3875
1315;1315;0.0;0.0
1315;1350;0.21;0.8231666666666667
1315;1371;81.7;111.30033333333334
1315;1372;186.94;211.362
1350;0;49.42;71.61733333333333
1350;1016;114.35;133.55133333333333
1350;1031;48.64;66.87816666666667
1350;1034;80.1;97.50133333333333
1350;1035;52.76;64.196
1350;1041;77.2;101.05850000000001
1350;1045;39.56;57.026833333333336
1350;1053;211.22;235.78366666666668
1350;1056;204.66;231.71833333333333
1350;1061;183.47;199.72216666666665
1350;1062;191.51;209.79266666666666
1350;1063;205.58;231.875
1350;1065;226.57;254.84633333333335
1350;1067;110.07;135.85183333333333
1350;1068;105.0;127.11433333333333
1350;1070;111.27;139.55816666666666
1350;1076;85.62;108.93299999999999
1350;1082;133.97;157.97400000000002
1350;1084;128.23;147.66766666666666
1350;1088;71.44;91.80816666666666
1350;1089;72.68;93.59383333333334
1350;1091;38.93;58.732
1350;1102;55.52;67.78450000000001
1350;1115;168.64;188.62966666666668
1350;1123;108.39;128.323
1350;1126;81.99;105.54166666666667
1350;1133;60.65;82.99333333333334
1350;1151;62.05;83.6
1350;1176;48.55;66.33016666666667
1350;1177;24.19;35.983
1350;1179;198.82;224.1415
1350;1186;37.36;53.23883333333333
1350;1187;54.72;70.9695
1350;1204;225.68;254.60133333333334
1350;1213;61.16;86.30183333333333
1350;1231;48.14;66.74516666666666
1350;1236;26.63;38.04833333333333
1350;1255;92.68;111.4145
1350;1273;47.73;68.78333333333333
1350;1313;177.6;197.60750000000002
1350;1315;0.21;0.8231666666666667
1350;1350;0.0;0.0
1350;1371;81.53;110.57633333333334
1350;1372;186.72;210.582
1371;0;43.1;57.714166666666664
1371;1016;70.83;90.62983333333334
1371;1031;46.92;73.54433333333333
1371;1034;51.97;80.8605
1371;1035;96.72;113.81266666666667
1371;1041;81.55;101.369
1371;1045;126.14;161.55516666666665
1371;1053;111.78;138.10316666666668
1371;1056;161.14;188.79666666666665
1371;1061;139.95;156.8005
1371;1062;147.99;166.871
1371;1063;162.07;188.95333333333335
1371;1065;183.05;211.92466666666667
1371;1067;22.28;35.20283333333334
1371;1068;29.05;43.62983333333333
1371;1070;57.53;87.16316666666667
1371;1076;89.97;109.2435
1371;1082;106.21;125.078
1371;1084;132.58;147.978
1371;1088;42.79;65.65666666666667
1371;1089;42.54;66.93333333333334
1371;1091;48.1;67.11733333333333
1371;1102;141.55;171.46816666666666
1371;1115;124.59;148.43366666666668
1371;1123;80.62;95.42699999999999
1371;1126;86.34;105.852
1371;1133;26.83;41.05783333333333
1371;1151;84.25;104.92366666666666
1371;1176;47.35;74.83133333333333
1371;1177;71.06;90.203
1371;1179;155.31;181.22
1371;1186;118.02;151.658
1371;1187;140.75;174.65316666666666
1371;1204;182.16;211.67983333333333
1371;1213;71.18;94.66266666666667
1371;1231;144.5;174.00933333333333
1371;1236;84.94;110.2065
1371;1255;61.72;90.50283333333333
1371;1273;70.09;92.54316666666666
1371;1313;77.51;104.43983333333334
1371;1315;81.7;111.30033333333334
1371;1350;81.53;110.57633333333334
1371;1371;0.0;0.0
1371;1372;144.08;169.60916666666665
1372;0;133.36;154.48549999999997
1372;1016;75.25;87.5825
1372;1031;182.87;213.26616666666666
1372;1034;214.33;243.88933333333335
1372;1035;186.99;210.584
1372;1041;148.73;164.0078333333333
1372;1045;189.7;222.07783333333333
1372;1053;70.81;86.39616666666667
1372;1056;29.43;38.741166666666665
1372;1061;16.07;21.128833333333333
1372;1062;6.44;7.899
1372;1063;6.11;8.425833333333333
1372;1065;69.89;94.53850000000001
1372;1067;101.31;134.85816666666668
1372;1068;96.27;127.28183333333332
1372;1070;151.22;193.70633333333333
1372;1076;157.15;171.88233333333335
1372;1082;107.25;122.13000000000001
1372;1084;199.75;210.61700000000002
1372;1088;205.67;238.19633333333334
1372;1089;206.91;239.982
1372;1091;138.36;163.88883333333334
1372;1102;223.2;244.68166666666667
1372;1115;38.21;51.8335
1372;1123;99.85;113.1245
1372;1126;153.51;168.49099999999999
1372;1133;115.06;134.46516666666668
1372;1151;151.43;167.56266666666667
1372;1176;182.78;212.71816666666666
1372;1177;161.33;186.9743333333333
1372;1179;13.7;20.99416666666667
1372;1186;185.2;214.29683333333332
1372;1187;222.4;247.86666666666667
1372;1204;69.0;94.29366666666667
1372;1213;138.36;157.3015
1372;1231;211.68;236.64816666666667
1372;1236;175.2;206.97783333333334
1372;1255;226.91;257.8025
1372;1273;137.27;155.18216666666666
1372;1313;51.2;69.3035
1372;1315;186.94;211.362
1372;1350;186.72;210.582
1372;1371;144.08;169.60916666666665
1372;1372;0.0;0.0
