from;to;distance;time
0;0;0.0;0.0
0;1001;23.7;36.078833333333336
0;1015;92.66;111.67466666666665
0;1016;60.65;75.7445
0;1020;57.6;77.81033333333333
0;1030;35.53;48.8455
0;1031;55.9;70.4485
0;1034;87.5;102.39466666666667
0;1035;60.88;71.0125
0;1041;56.59;72.804
0;1045;71.24;97.80333333333333
0;1050;130.54;155.54433333333333
0;1053;149.97;170.27033333333333
0;1056;151.03;173.989
0;1061;129.73;141.696
0;1062;137.77;151.76666666666668
0;1063;151.27;172.5755
0;1064;73.86;91.48583333333333
0;1065;172.83;196.697
0;1067;73.16;86.94166666666666
0;1068;68.15;78.20666666666666
0;1070;105.12;131.4265
0;1074;25.99;39.771166666666666
0;1076;63.9;79.18066666666667
0;1082;72.65;87.86999999999999
0;1084;107.67;121.65566666666668
0;1088;79.16;97.28116666666666
0;1089;80.44;99.12683333333332
0;1091;25.13;38.01466666666667
0;1102;86.2;105.8305
0;1115;108.45;121.20683333333334
0;1123;47.18;58.754
0;1126;60.16;76.3535
0;1133;23.08;32.344833333333334
0;1151;34.83;54.814499999999995
0;1164;60.06;75.36383333333333
0;1165;133.37;143.31633333333332
0;1174;23.2;34.289
0;1176;55.81;69.90066666666667
0;1177;35.31;48.705333333333336
0;1179;144.43;164.942
0;1186;56.74;87.42666666666668
0;1187;85.58;110.381
0;1190;54.07;69.84616666666668
0;1193;193.18;206.413
0;1204;171.94;196.4505
0;1210;45.1;60.1945
0;1213;16.73;34.99066666666667
0;1236;49.03;68.59200000000001
0;1255;100.17;116.37833333333333
0;1313;124.28;140.6405
0;1350;49.42;71.61733333333333
0;1371;43.1;57.714166666666664
0;1372;133.36;154.48549999999997
1001;0;23.7;36.078833333333336
1001;1001;0.0;0.0
1001;1015;109.87;132.00133333333332
1001;1016;77.86;96.07116666666667
1001;1020;85.13;105.06766666666667
1001;1030;14.97;19.458333333333332
1001;1031;35.34;41.06133333333333
1001;1034;66.93;73.0075
1001;1035;40.32;41.62533333333333
1001;1041;76.17;91.55850000000001
1001;1045;84.88;110.79016666666666
1001;1050;116.5;136.66
1001;1053;167.18;190.597
1001;1056;168.24;194.31583333333336
1001;1061;146.94;162.02283333333335
1001;1062;154.98;172.09333333333333
1001;1063;168.48;192.90216666666666
1001;1064;101.39;118.74333333333334
1001;1065;190.05;217.02366666666666
1001;1067;90.37;107.26849999999999
1001;1068;85.37;98.53333333333333
1001;1070;98.2;114.91733333333333
1001;1074;15.28;25.745166666666666
1001;1076;83.48;97.93516666666666
1001;1082;100.18;115.1275
1001;1084;127.25;140.41016666666667
1001;1088;58.6;67.89399999999999
1001;1089;59.88;69.73966666666666
1001;1091;9.16;16.046333333333333
1001;1102;99.84;118.81733333333334
1001;1115;135.98;148.46416666666667
1001;1123;74.71;86.01133333333334
1001;1126;79.75;95.10799999999999
1001;1133;40.3;52.67166666666667
1001;1151;48.47;67.80133333333333
1001;1164;22.54;35.95683333333333
1001;1165;152.96;162.07083333333333
1001;1174;50.74;61.5465
1001;1176;35.25;40.513333333333335
1001;1177;14.75;19.318166666666666
1001;1179;161.64;185.26883333333333
1001;1186;70.38;100.41350000000001
1001;1187;99.22;123.368
1001;1190;81.6;97.10366666666667
1001;1193;210.4;226.73966666666666
1001;1204;189.16;216.77716666666666
1001;1210;24.54;30.807333333333336
1001;1213;35.37;59.81716666666667
1001;1236;28.47;39.20466666666667
1001;1255;79.61;86.99116666666667
1001;1313;141.5;160.96716666666669
1001;1350;27.71;41.908500000000004
1001;1371;60.31;78.04083333333332
1001;1372;150.57;174.81233333333333
1015;0;92.66;111.67466666666665
1015;1001;109.87;132.00133333333332
1015;1015;0.0;0.0
1015;1016;40.88;49.977
1015;1020;87.04;102.339
1015;1030;122.94;141.34683333333334
1015;1031;143.31;162.94966666666667
1015;1034;174.91;194.89583333333334
1015;1035;148.29;163.51366666666667
1015;1041;115.0;126.64899999999999
1015;1045;154.82;184.02483333333333
1015;1050;126.95;176.08233333333334
1015;1053;101.35;114.89783333333334
1015;1056;96.09;101.33449999999999
1015;1061;73.19;77.666
1015;1062;43.98;56.89833333333333
1015;1063;45.46;60.14816666666666
1015;1064;40.92;51.18083333333333
1015;1065;116.3;132.66683333333333
1015;1067;138.98;160.0065
1015;1068;133.97;151.2715
1015;1070;170.93;204.49133333333333
1015;1074;103.77;124.17583333333333
1015;1076;122.31;133.02583333333334
1015;1082;66.74;76.1305
1015;1084;114.25;140.62966666666668
1015;1088;166.57;189.78233333333336
1015;1089;167.85;191.62800000000001
1015;1091;102.91;122.41916666666665
1015;1102;189.22;207.91366666666667
1015;1115;13.68;19.066166666666668
1015;1123;58.14;64.8375
1015;1126;118.57;130.19866666666667
1015;1133;79.64;95.04066666666667
1015;1151;116.87;129.22766666666666
1015;1164;147.47;167.86499999999998
1015;1165;191.78;197.16133333333335
1015;1174;82.43;88.27600000000001
1015;1176;143.22;162.40183333333334
1015;1177;122.72;141.20649999999998
1015;1179;98.69;105.011
1015;1186;150.52;176.69316666666666
1015;1187;163.12;194.94216666666668
1015;1190;59.46;68.38000000000001
1015;1193;136.65;142.3828333333333
1015;1204;115.41;132.42033333333333
1015;1210;132.51;152.69566666666665
1015;1213;105.36;120.348
1015;1236;136.44;161.09316666666666
1015;1255;187.58;208.87966666666668
1015;1313;67.75;76.6105
1015;1350;152.43;173.7005
1015;1371;108.91;130.779
1015;1372;39.35;51.72233333333334
1016;0;60.65;75.7445
1016;1001;77.86;96.07116666666667
1016;1015;40.88;49.977
1016;1016;0.0;0.0
1016;1020;68.99;84.48216666666667
1016;1030;84.86;101.1975
1016;1031;105.23;122.8005
1016;1034;136.83;154.74666666666664
1016;1035;110.21;123.36433333333333
1016;1041;76.92;86.49983333333333
1016;1045;116.74;143.8756666666667
1016;1050;158.28;188.46
1016;1053;99.78;112.02483333333333
1016;1056;92.92;107.086
1016;1061;71.62;74.79299999999999
1016;1062;79.66;84.8635
1016;1063;93.16;105.67233333333334
1016;1064;85.25;98.15783333333334
1016;1065;114.72;129.79383333333334
1016;1067;100.9;119.85733333333333
1016;1068;95.89;111.12216666666667
1016;1070;132.85;164.34216666666669
1016;1074;65.69;84.0265
1016;1076;84.23;92.87650000000001
1016;1082;84.04;94.542
1016;1084;127.99;135.35150000000002
1016;1088;128.49;149.63316666666665
1016;1089;129.77;151.4788333333333
1016;1091;64.83;82.27
1016;1102;151.14;167.76450000000003
1016;1115;56.09;67.75166666666667
1016;1123;58.57;65.426
1016;1126;80.49;90.04950000000001
1016;1133;41.56;54.891333333333336
1016;1151;78.79;89.0785
1016;1164;109.39;127.71566666666666
1016;1165;153.7;157.01216666666667
1016;1174;38.27;44.902833333333334
1016;1176;105.14;122.2525
1016;1177;84.64;101.05733333333333
1016;1179;86.32;98.039
1016;1186;112.44;136.5438333333333
1016;1187;125.04;154.793
1016;1190;65.46;76.51816666666667
1016;1193;135.07;139.50983333333335
1016;1204;113.83;129.54733333333334
1016;1210;94.43;112.5465
1016;1213;67.28;80.19883333333334
1016;1236;98.36;120.94383333333333
1016;1255;149.5;168.73033333333333
1016;1313;66.17;73.7375
1016;1350;114.35;133.55133333333333
1016;1371;70.83;90.62983333333334
1016;1372;75.25;87.5825
1020;0;57.6;77.81033333333333
1020;1001;85.13;105.06766666666667
1020;1015;87.04;102.339
1020;1016;68.99;84.48216666666667
1020;1020;0.0;0.0
1020;1030;93.24;112.67066666666666
1020;1031;113.62;134.27349999999998
1020;1034;145.21;166.21966666666668
1020;1035;118.6;134.8375
1020;1041;43.18;65.63783333333333
1020;1045;97.34;139.0825
1020;1050;178.99;213.4445
1020;1053;165.71;186.52550000000002
1020;1056;154.5;164.74633333333335
1020;1061;137.56;149.29350000000002
1020;1062;145.6;159.364
1020;1063;146.76;165.58283333333333
1020;1064;50.6;71.88183333333333
1020;1065;180.66;204.2945
1020;1067;121.61;144.84183333333334
1020;1068;116.6;136.10683333333333
1020;1070;153.56;189.32666666666668
1020;1074;74.07;95.49966666666666
1020;1076;50.43;67.688
1020;1082;35.54;49.4745
1020;1084;65.92;83.82933333333334
1020;1088;136.88;161.10616666666667
1020;1089;138.15;162.95183333333335
1020;1091;73.21;93.743
1020;1102;131.74;162.97116666666668
1020;1115;92.97;107.19933333333333
1020;1123;31.7;44.7465
1020;1126;46.75;69.1875
1020;1133;71.53;90.24499999999999
1020;1151;59.39;84.28516666666665
1020;1164;117.78;139.18883333333332
1020;1165;91.63;105.49
1020;1174;38.22;51.44783333333333
1020;1176;113.53;133.72566666666665
1020;1177;93.03;112.53033333333333
1020;1179;157.09;168.42283333333336
1020;1186;93.05;131.75066666666666
1020;1187;105.64;149.99966666666666
1020;1190;24.96;36.56916666666667
1020;1193;201.01;214.01049999999998
1020;1204;179.77;204.04783333333336
1020;1210;102.81;124.01950000000001
1020;1213;37.72;65.34066666666666
1020;1236;106.74;132.417
1020;1255;157.89;180.2035
1020;1313;132.11;148.238
1020;1350;94.96;128.75799999999998
1020;1371;91.55;115.61433333333333
1020;1372;128.27;149.22733333333332
1030;0;35.53;48.8455
1030;1001;14.97;19.458333333333332
1030;1015;122.94;141.34683333333334
1030;1016;84.86;101.1975
1030;1020;93.24;112.67066666666666
1030;1030;0.0;0.0
1030;1031;27.64;36.087833333333336
1030;1034;59.23;68.034
1030;1035;32.62;36.651833333333336
1030;1041;87.4;104.16766666666668
1030;1045;63.04;89.36149999999999
1030;1050;108.8;131.6865
1030;1053;178.41;203.2061666666667
1030;1056;179.47;206.925
1030;1061;158.17;174.632
1030;1062;166.21;184.7025
1030;1063;179.71;205.51133333333334
1030;1064;112.62;131.3525
1030;1065;201.27;229.6328333333333
1030;1067;101.6;119.87766666666667
1030;1068;96.59;111.14266666666667
1030;1070;90.5;109.94383333333333
1030;1074;46.16;60.434666666666665
1030;1076;94.71;110.54433333333333
1030;1082;111.4;127.73666666666666
1030;1084;138.47;153.01933333333332
1030;1088;50.9;62.9205
1030;1089;52.17;64.76616666666666
1030;1091;29.61;39.88333333333333
1030;1102;67.92;92.5775
1030;1115;147.2;161.0735
1030;1123;85.94;98.62049999999999
1030;1126;90.97;107.71733333333333
1030;1133;51.52;65.28083333333333
1030;1151;59.69;80.4105
1030;1164;31.8;41.003166666666665
1030;1165;164.18;174.67999999999998
1030;1174;61.96;74.15566666666668
1030;1176;27.55;35.54
1030;1177;2.85;5.902
1030;1179;172.87;197.87800000000001
1030;1186;60.78;85.494
1030;1187;67.04;96.47983333333333
1030;1190;92.82;109.71283333333334
1030;1193;221.62;239.34883333333335
1030;1204;200.38;229.38633333333334
1030;1210;16.83;25.834
1030;1213;46.6;72.42633333333333
1030;1236;15.53;23.163333333333334
1030;1255;71.91;82.01783333333333
1030;1313;152.72;173.5765
1030;1350;23.17;32.81516666666667
1030;1371;71.54;90.65016666666666
1030;1372;161.8;187.4215
1031;0;55.9;70.4485
1031;1001;35.34;41.06133333333333
1031;1015;143.31;162.94966666666667
1031;1016;105.23;122.8005
1031;1020;113.62;134.27349999999998
1031;1030;27.64;36.087833333333336
1031;1031;0.0;0.0
1031;1034;43.22;63.729166666666664
1031;1035;16.32;31.581
1031;1041;108.47;130.01233333333332
1031;1045;117.17;149.24416666666667
1031;1050;92.79;127.3815
1031;1053;199.47;229.05083333333332
1031;1056;200.54;232.76966666666667
1031;1061;179.24;200.47666666666666
1031;1062;187.28;210.54716666666667
1031;1063;200.78;231.35600000000002
1031;1064;133.68;157.19716666666667
1031;1065;222.34;255.4775
1031;1067;67.2;104.40316666666666
1031;1068;117.66;136.98733333333334
1031;1070;74.49;105.639
1031;1074;25.88;43.64933333333333
1031;1076;115.78;136.389
1031;1082;132.47;153.58133333333333
1031;1084;159.54;178.864
1031;1088;34.89;58.61566666666667
1031;1089;36.16;60.46133333333333
1031;1091;29.89;51.332166666666666
1031;1102;132.14;157.27133333333333
1031;1115;168.27;186.91816666666668
1031;1123;107.01;124.46533333333333
1031;1126;112.04;133.562
1031;1133;72.59;91.1255
1031;1151;80.76;106.25516666666667
1031;1164;0.85;3.122
1031;1165;185.25;200.52466666666666
1031;1174;83.03;100.00033333333334
1031;1176;0.58;2.1015
1031;1177;27.13;37.0935
1031;1179;193.94;223.72266666666667
1031;1186;102.67;138.86749999999998
1031;1187;131.51;161.82183333333333
1031;1190;113.89;135.5575
1031;1193;242.69;265.1936666666667
1031;1204;221.45;255.23100000000002
1031;1210;10.58;20.6055
1031;1213;67.67;98.27116666666667
1031;1236;40.84;56.98016666666667
1031;1255;55.9;77.71283333333334
1031;1313;173.79;199.42116666666666
1031;1350;48.64;66.87816666666667
1031;1371;46.92;73.54433333333333
1031;1372;182.87;213.26616666666666
1034;0;87.5;102.39466666666667
1034;1001;66.93;73.0075
1034;1015;174.91;194.89583333333334
1034;1016;136.83;154.74666666666664
1034;1020;145.21;166.21966666666668
1034;1030;59.23;68.034
1034;1031;43.22;63.729166666666664
1034;1034;0.0;0.0
1034;1035;34.63;44.823499999999996
1034;1041;139.93;160.63549999999998
1034;1045;148.63;179.86733333333333
1034;1050;56.36;76.006
1034;1053;135.82;182.45083333333332
1034;1056;232.0;263.39283333333333
1034;1061;210.7;231.09983333333332
1034;1062;218.74;241.17033333333333
1034;1063;232.24;261.9791666666667
1034;1064;165.15;187.8203333333333
1034;1065;253.8;286.10066666666665
1034;1067;55.91;83.09066666666666
1034;1068;54.01;80.07266666666666
1034;1070;38.06;54.263333333333335
1034;1074;98.7;116.90249999999999
1034;1076;147.24;167.01216666666667
1034;1082;163.94;184.2045
1034;1084;191.01;209.48716666666667
1034;1088;17.94;30.563666666666666
1034;1089;15.62;26.908166666666666
1034;1091;82.14;96.35116666666666
1034;1102;163.6;187.8945
1034;1115;199.74;217.5413333333333
1034;1123;138.47;155.0883333333333
1034;1126;143.5;164.18516666666667
1034;1133;104.05;121.74866666666667
1034;1151;112.22;136.87833333333336
1034;1164;42.93;61.58566666666666
1034;1165;216.71;231.14783333333335
1034;1174;114.49;130.6235
1034;1176;47.49;64.8545
1034;1177;58.59;67.71666666666667
1034;1179;225.4;254.34583333333333
1034;1186;134.14;169.4905
1034;1187;162.98;192.44500000000002
1034;1190;145.36;166.18066666666667
1034;1193;162.27;214.60816666666668
1034;1204;252.91;285.8541666666667
1034;1210;56.74;72.42216666666667
1034;1213;99.13;128.89416666666665
1034;1236;72.3;87.60316666666667
1034;1255;19.47;26.33716666666667
1034;1313;205.25;230.04433333333333
1034;1350;80.1;97.50133333333333
1034;1371;51.97;80.8605
1034;1372;214.33;243.88933333333335
1035;0;60.88;71.0125
1035;1001;40.32;41.62533333333333
1035;1015;148.29;163.51366666666667
1035;1016;110.21;123.36433333333333
1035;1020;118.6;134.8375
1035;1030;32.62;36.651833333333336
1035;1031;16.32;31.581
1035;1034;34.63;44.823499999999996
1035;1035;0.0;0.0
1035;1041;112.59;127.33016666666667
1035;1045;121.29;146.56199999999998
1035;1050;84.03;107.90966666666667
1035;1053;203.59;226.36866666666668
1035;1056;204.66;230.0875
1035;1061;183.36;197.7945
1035;1062;191.4;207.86499999999998
1035;1063;204.9;228.67383333333333
1035;1064;137.8;154.515
1035;1065;226.46;252.79533333333333
1035;1067;126.79;143.04016666666666
1035;1068;121.78;134.30516666666668
1035;1070;65.73;86.167
1035;1074;71.35;83.59716666666667
1035;1076;119.9;133.70683333333332
1035;1082;136.59;150.89916666666667
1035;1084;163.66;176.18183333333334
1035;1088;26.14;39.14366666666667
1035;1089;27.41;40.989333333333335
1035;1091;54.8;63.045833333333334
1035;1102;136.26;154.58916666666667
1035;1115;172.39;184.236
1035;1123;111.13;121.78316666666666
1035;1126;116.16;130.87983333333332
1035;1133;76.71;88.44333333333334
1035;1151;84.88;103.57300000000001
1035;1164;15.3;27.48033333333333
1035;1165;189.37;197.8425
1035;1174;87.15;97.31816666666667
1035;1176;16.46;31.542333333333332
1035;1177;31.24;34.41133333333333
1035;1179;198.06;221.0405
1035;1186;106.79;136.18533333333332
1035;1187;135.63;159.13966666666664
1035;1190;118.01;132.87533333333334
1035;1193;246.81;262.5113333333333
1035;1204;225.57;252.54883333333333
1035;1210;29.39;39.11683333333334
1035;1213;71.78;95.589
1035;1236;44.96;54.298
1035;1255;47.15;58.24083333333333
1035;1313;177.91;196.739
1035;1350;52.76;64.196
1035;1371;96.72;113.81266666666667
1035;1372;186.99;210.584
1041;0;56.59;72.804
1041;1001;76.17;91.55850000000001
1041;1015;115.0;126.64899999999999
1041;1016;76.92;86.49983333333333
1041;1020;43.18;65.63783333333333
1041;1030;87.4;104.16766666666668
1041;1031;108.47;130.01233333333332
1041;1034;139.93;160.63549999999998
1041;1035;112.59;127.33016666666667
1041;1041;0.0;0.0
1041;1045;50.67;78.38866666666667
1041;1050;169.0;199.19916666666668
1041;1053;173.26;188.45033333333333
1041;1056;166.4;183.51133333333334
1041;1061;145.1;151.21833333333333
1041;1062;153.14;161.28883333333334
1041;1063;166.64;182.09783333333334
1041;1064;91.53;105.83433333333333
1041;1065;188.2;206.21933333333334
1041;1067;111.62;130.5965
1041;1068;106.61;121.86149999999999
1041;1070;143.57;175.08133333333333
1041;1074;64.08;81.25433333333334
1041;1076;16.78;26.465833333333332
1041;1082;90.32;102.21849999999999
1041;1084;76.08;86.634
1041;1088;126.89;146.86083333333332
1041;1089;128.16;148.70649999999998
1041;1091;63.22;79.49766666666666
1041;1102;113.99;135.27166666666668
1041;1115;126.12;135.55516666666668
1041;1123;64.85;73.10233333333333
1041;1126;8.22;12.869166666666667
1041;1133;61.54;75.99966666666666
1041;1151;30.71;42.026833333333336
1041;1164;107.78;124.9435
1041;1165;101.79;108.29466666666667
1041;1174;45.54;55.212333333333326
1041;1176;103.54;119.48033333333333
1041;1177;83.04;98.28500000000001
1041;1179;159.8;174.46433333333334
1041;1186;46.37;71.05683333333333
1041;1187;58.97;89.30583333333334
1041;1190;71.74;84.19466666666668
1041;1193;208.55;215.93533333333335
1041;1204;187.31;205.97266666666667
1041;1210;92.82;109.77416666666666
1041;1213;30.12;46.5055
1041;1236;96.75;118.17166666666667
1041;1255;147.9;165.95816666666667
1041;1313;139.65;150.16283333333334
1041;1350;77.2;101.05850000000001
1041;1371;81.55;101.369
1041;1372;148.73;164.0078333333333
1045;0;71.24;97.80333333333333
1045;1001;84.88;110.79016666666666
1045;1015;154.82;184.02483333333333
1045;1016;116.74;143.8756666666667
1045;1020;97.34;139.0825
1045;1030;63.04;89.36149999999999
1045;1031;117.17;149.24416666666667
1045;1034;148.63;179.86733333333333
1045;1035;121.29;146.56199999999998
1045;1041;50.67;78.38866666666667
1045;1045;0.0;0.0
1045;1050;197.39;237.69816666666665
1045;1053;214.23;246.52033333333333
1045;1056;207.37;241.58133333333333
1045;1061;186.07;209.28833333333333
1045;1062;194.12;219.359
1045;1063;207.61;240.16783333333333
1045;1064;132.51;163.90433333333334
1045;1065;229.18;264.28933333333333
1045;1067;156.21;190.78266666666664
1045;1068;151.2;182.0476666666667
1045;1070;179.09;215.95566666666667
1045;1074;100.77;131.33966666666666
1045;1076;87.5;116.78883333333333
1045;1082;131.3;160.2885
1045;1084;111.94;143.28183333333334
1045;1088;139.49;168.93216666666666
1045;1089;140.77;170.77783333333335
1045;1091;84.22;110.78833333333334
1045;1102;38.04;54.425666666666665
1045;1115;167.1;193.62533333333334
1045;1123;105.83;131.1725
1045;1126;53.96;81.55933333333334
1045;1133;106.13;136.18583333333333
1045;1151;36.79;58.8285
1045;1164;120.39;147.0148333333333
1045;1165;137.98;166.48983333333334
1045;1174;86.52;113.28233333333333
1045;1176;116.14;141.55166666666668
1045;1177;63.83;91.77733333333335
1045;1179;200.78;232.53433333333334
1045;1186;5.4;14.632833333333334
1045;1187;11.93;19.8445
1045;1190;112.72;142.26466666666664
1045;1193;249.53;274.00533333333334
1045;1204;228.29;264.0428333333333
1045;1210;105.43;131.84566666666666
1045;1213;65.68;97.78633333333333
1045;1236;56.77;81.30816666666666
1045;1255;160.5;188.0295
1045;1313;180.63;208.23283333333333
1045;1350;39.56;57.026833333333336
1045;1371;126.14;161.55516666666665
1045;1372;189.7;222.07783333333333
1050;0;130.54;155.54433333333333
1050;1001;116.5;136.66
1050;1015;126.95;176.08233333333334
1050;1016;158.28;188.46
1050;1020;178.99;213.4445
1050;1030;108.8;131.6865
1050;1031;92.79;127.3815
1050;1034;56.36;76.006
1050;1035;84.03;107.90966666666667
1050;1041;169.0;199.19916666666668
1050;1045;197.39;237.69816666666665
1050;1050;0.0;0.0
1050;1053;95.39;128.44033333333334
1050;1056;181.75;217.001
1050;1061;125.54;169.63883333333334
1050;1062;133.58;179.70933333333332
1050;1063;149.37;197.334
1050;1064;194.15;227.78216666666668
1050;1065;183.17;232.57299999999998
1050;1067;60.52;82.64316666666667
1050;1068;69.56;90.35616666666667
1050;1070;27.65;36.51833333333333
1050;1074;134.24;162.83616666666666
1050;1076;176.24;206.97400000000002
1050;1082;192.93;224.1663333333333
1050;1084;220.0;249.449
1050;1088;64.82;87.3195
1050;1089;62.49;83.66383333333333
1050;1091;131.53;160.32000000000002
1050;1102;212.99;251.86333333333332
1050;1115;141.02;196.9435
1050;1123;167.47;195.05033333333333
1050;1126;172.5;204.147
1050;1133;113.4;138.975
1050;1151;161.61;200.84716666666665
1050;1164;92.32;125.5545
1050;1165;245.71;271.10966666666667
1050;1174;143.49;170.58533333333335
1050;1176;96.88;128.82333333333332
1050;1177;107.98;131.6855
1050;1179;191.43;226.29433333333333
1050;1186;183.52;233.45933333333332
1050;1187;212.36;256.41383333333334
1050;1190;174.35;206.14249999999998
1050;1193;121.84;160.59766666666667
1050;1204;182.28;232.3265
1050;1210;106.12;136.391
1050;1213;148.52;192.863
1050;1236;121.69;151.572
1050;1255;43.72;60.52766666666666
1050;1313;93.53;130.26149999999998
1050;1350;129.49;161.47016666666664
1050;1371;90.6;121.20866666666667
1050;1372;150.47;195.64016666666666
1053;0;149.97;170.27033333333333
1053;1001;167.18;190.597
1053;1015;101.35;114.89783333333334
1053;1016;99.78;112.02483333333333
1053;1020;165.71;186.52550000000002
1053;1030;178.41;203.2061666666667
1053;1031;199.47;229.05083333333332
1053;1034;135.82;182.45083333333332
1053;1035;203.59;226.36866666666668
1053;1041;173.26;188.45033333333333
1053;1045;214.23;246.52033333333333
1053;1050;95.39;128.44033333333334
1053;1053;0.0;0.0
1053;1056;72.15;83.95916666666668
1053;1061;58.31;71.53683333333333
1053;1062;70.64;86.05083333333333
1053;1063;69.7;88.09016666666666
1053;1064;174.22;182.80416666666667
1053;1065;73.56;99.53116666666666
1053;1067;95.75;115.98583333333333
1053;1068;90.74;107.25066666666666
1053;1070;96.14;126.431
1053;1074;155.43;179.73083333333335
1053;1076;181.1;195.10883333333334
1053;1082;200.04;207.75383333333332
1053;1084;224.86;237.58383333333333
1053;1088;137.86;172.47383333333335
1053;1089;137.61;173.75050000000002
1053;1091;154.57;177.9741666666667
1053;1102;248.01;269.99666666666667
1053;1115;101.4;117.95033333333335
1053;1123;155.44;167.65816666666666
1053;1126;177.36;192.28166666666667
1053;1133;138.43;157.12366666666668
1053;1151;175.66;191.31066666666666
1053;1164;199.13;223.42000000000002
1053;1165;250.57;259.2445
1053;1174;135.14;147.13516666666666
1053;1176;194.89;217.95683333333332
1053;1177;174.39;196.7615
1053;1179;81.82;93.2525
1053;1186;209.31;238.77616666666665
1053;1187;221.91;257.0251666666667
1053;1190;162.33;178.75050000000002
1053;1193;33.91;47.87016666666667
1053;1204;72.67;99.28466666666667
1053;1210;184.17;208.25083333333333
1053;1213;164.15;182.431
1053;1236;188.1;216.64816666666667
1053;1255;117.04;154.27083333333334
1053;1313;38.07;45.92383333333333
1053;1350;211.22;235.78366666666668
1053;1371;111.78;138.10316666666668
1053;1372;70.81;86.39616666666667
1056;0;151.03;173.989
1056;1001;168.24;194.31583333333336
1056;1015;96.09;101.33449999999999
1056;1016;92.92;107.086
1056;1020;154.5;164.74633333333335
1056;1030;179.47;206.925
1056;1031;200.54;232.76966666666667
1056;1034;232.0;263.39283333333333
1056;1035;204.66;230.0875
1056;1041;166.4;183.51133333333334
1056;1045;207.37;241.58133333333333
1056;1050;181.75;217.001
1056;1053;72.15;83.95916666666668
1056;1056;0.0;0.0
1056;1061;26.98;37.78416666666667
1056;1062;29.27;38.395833333333336
1056;1063;19.3;29.447333333333333
1056;1064;107.48;112.67983333333333
1056;1065;44.37;60.696333333333335
1056;1067;109.25;149.26033333333334
1056;1068;104.27;141.8156666666667
1056;1070;183.07;218.881
1056;1074;155.99;182.1935
1056;1076;174.54;191.04350000000002
1056;1082;133.3;137.62966666666668
1056;1084;180.82;202.12866666666665
1056;1088;218.8;247.80016666666668
1056;1089;220.08;249.64583333333334
1056;1091;155.14;180.43699999999998
1056;1102;241.44;265.9313333333333
1056;1115;80.03;86.9855
1056;1123;124.7;126.33649999999999
1056;1126;170.8;188.2165
1056;1133;131.87;153.05833333333334
1056;1151;169.1;187.24533333333332
1056;1164;199.7;225.88266666666667
1056;1165;244.01;255.17916666666667
1056;1174;149.0;149.775
1056;1176;195.45;220.4195
1056;1177;174.95;199.2243333333333
1056;1179;10.46;15.079666666666666
1056;1186;202.75;234.71083333333334
1056;1187;215.34;252.95983333333334
1056;1190;126.03;129.879
1056;1193;74.69;82.89433333333334
1056;1204;44.37;62.6015
1056;1210;184.74;210.71349999999998
1056;1213;157.58;178.36583333333334
1056;1236;188.67;219.11083333333332
1056;1255;239.81;266.89733333333334
1056;1313;49.25;71.17833333333333
1056;1350;204.66;231.71833333333333
1056;1371;161.14;188.79666666666665
1056;1372;29.43;38.741166666666665
1061;0;129.73;141.696
1061;1001;146.94;162.02283333333335
1061;1015;73.19;77.666
1061;1016;71.62;74.79299999999999
1061;1020;137.56;149.29350000000002
1061;1030;158.17;174.632
1061;1031;179.24;200.47666666666666
1061;1034;210.7;231.09983333333332
1061;1035;183.36;197.7945
1061;1041;145.1;151.21833333333333
1061;1045;186.07;209.28833333333333
1061;1050;125.54;169.63883333333334
1061;1053;58.31;71.53683333333333
1061;1056;26.98;37.78416666666667
1061;1061;0.0;0.0
1061;1062;10.96;14.541333333333334
1061;1063;19.85;29.503
1061;1064;125.6;136.382
1061;1065;73.23;89.76133333333334
1061;1067;88.06;117.26416666666667
1061;1068;83.08;109.8195
1061;1070;117.79;159.06083333333333
1061;1074;134.8;150.19733333333335
1061;1076;153.34;159.04733333333334
1061;1082;151.43;161.33183333333332
1061;1084;197.11;201.52233333333334
1061;1088;197.61;215.804
1061;1089;198.88;217.64966666666666
1061;1091;133.94;148.4406666666667
1061;1102;220.25;233.93516666666667
1061;1115;73.64;81.88883333333334
1061;1123;127.69;131.59666666666666
1061;1126;149.6;156.22016666666664
1061;1133;110.67;121.06216666666666
1061;1151;147.9;155.24916666666667
1061;1164;178.51;193.8865
1061;1165;222.81;223.183
1061;1174;107.38;111.07366666666667
1061;1176;174.26;188.42333333333332
1061;1177;153.76;167.228
1061;1179;15.47;23.032500000000002
1061;1186;181.56;202.71466666666666
1061;1187;194.15;220.96366666666665
1061;1190;134.57;142.689
1061;1193;93.58;99.47733333333333
1061;1204;72.34;89.51483333333334
1061;1210;163.54;178.71733333333336
1061;1213;136.39;146.3695
1061;1236;167.47;187.11466666666666
1061;1255;218.62;234.90116666666665
1061;1313;37.96;45.3755
1061;1350;183.47;199.72216666666665
1061;1371;139.95;156.8005
1061;1372;16.07;21.128833333333333
1062;0;137.77;151.76666666666668
1062;1001;154.98;172.09333333333333
1062;1015;43.98;56.89833333333333
1062;1016;79.66;84.8635
1062;1020;145.6;159.364
1062;1030;166.21;184.7025
1062;1031;187.28;210.54716666666667
1062;1034;218.74;241.17033333333333
1062;1035;191.4;207.86499999999998
1062;1041;153.14;161.28883333333334
1062;1045;194.12;219.359
1062;1050;133.58;179.70933333333332
1062;1053;70.64;86.05083333333333
1062;1056;29.27;38.395833333333336
1062;1061;10.96;14.541333333333334
1062;1062;0.0;0.0
1062;1063;10.74;14.616999999999999
1062;1064;114.02;123.41000000000001
1062;1065;69.51;93.73233333333333
1062;1067;96.1;127.33466666666666
1062;1068;91.12;119.89
1062;1070;125.83;169.13133333333332
1062;1074;142.84;160.26783333333333
1062;1076;161.38;169.11783333333332
1062;1082;139.85;148.35966666666667
1062;1084;205.15;211.59283333333332
1062;1088;205.65;225.87449999999998
1062;1089;206.92;227.72016666666664
1062;1091;141.98;158.51116666666667
1062;1102;228.29;244.00566666666666
1062;1115;42.78;56.95233333333333
1062;1123;131.25;137.06666666666666
1062;1126;157.65;166.29066666666668
1062;1133;118.72;131.13266666666667
1062;1151;155.94;165.31966666666668
1062;1164;186.55;203.957
1062;1165;230.86;233.25349999999997
1062;1174;115.42;121.14416666666666
1062;1176;182.3;198.49383333333333
1062;1177;161.8;177.2985
1062;1179;13.57;20.716833333333334
1062;1186;189.6;212.78516666666667
1062;1187;202.19;231.03416666666666
1062;1190;132.57;140.609
1062;1193;89.86;103.44833333333332
1062;1204;68.62;93.48583333333333
1062;1210;171.58;188.78783333333334
1062;1213;144.43;156.44
1062;1236;175.51;197.18516666666667
1062;1255;226.66;244.97166666666666
1062;1313;46.0;55.446000000000005
1062;1350;191.51;209.79266666666666
1062;1371;147.99;166.871
1062;1372;6.44;7.899
1063;0;151.27;172.5755
1063;1001;168.48;192.90216666666666
1063;1015;45.46;60.14816666666666
1063;1016;93.16;105.67233333333334
1063;1020;146.76;165.58283333333333
1063;1030;179.71;205.51133333333334
1063;1031;200.78;231.35600000000002
1063;1034;232.24;261.9791666666667
1063;1035;204.9;228.67383333333333
1063;1041;166.64;182.09783333333334
1063;1045;207.61;240.16783333333333
1063;1050;149.37;197.334
1063;1053;69.7;88.09016666666666
1063;1056;19.3;29.447333333333333
1063;1061;19.85;29.503
1063;1062;10.74;14.616999999999999
1063;1063;0.0;0.0
1063;1064;98.73;110.8895
1063;1065;68.22;95.16083333333333
1063;1067;110.18;149.417
1063;1068;105.2;141.97233333333332
1063;1070;150.2;194.98149999999998
1063;1074;156.92;182.35016666666667
1063;1076;175.46;191.20016666666666
1063;1082;124.55;135.83933333333331
1063;1084;172.06;200.3383333333333
1063;1088;219.73;247.95683333333332
1063;1089;221.0;249.80249999999998
1063;1091;156.06;180.59366666666668
1063;1102;242.37;266.088
1063;1115;46.58;60.73833333333334
1063;1123;115.95;124.54616666666668
1063;1126;171.72;188.373
1063;1133;132.79;153.215
1063;1151;170.02;187.40200000000002
1063;1164;200.62;226.03933333333333
1063;1165;244.93;255.33583333333334
1063;1174;129.5;143.22650000000002
1063;1176;196.38;220.57616666666667
1063;1177;175.88;199.381
1063;1179;12.21;21.120166666666666
1063;1186;203.68;234.86749999999998
1063;1187;216.27;253.1165
1063;1190;117.27;128.08866666666665
1063;1193;97.0;106.75516666666667
1063;1204;67.33;94.91433333333333
1063;1210;185.66;210.87016666666665
1063;1213;158.51;178.52233333333334
1063;1236;189.59;219.26749999999998
1063;1255;240.74;267.054
1063;1313;50.17;71.33500000000001
1063;1350;205.58;231.875
1063;1371;162.07;188.95333333333335
1063;1372;6.11;8.425833333333333
1064;0;73.86;91.48583333333333
1064;1001;101.39;118.74333333333334
1064;1015;40.92;51.18083333333333
1064;1016;85.25;98.15783333333334
1064;1020;50.6;71.88183333333333
1064;1030;112.62;131.3525
1064;1031;133.68;157.19716666666667
1064;1034;165.15;187.8203333333333
1064;1035;137.8;154.515
1064;1041;91.53;105.83433333333333
1064;1045;132.51;163.90433333333334
1064;1050;194.15;227.78216666666668
1064;1053;174.22;182.80416666666667
1064;1056;107.48;112.67983333333333
1064;1061;125.6;136.382
1064;1062;114.02;123.41000000000001
1064;1063;98.73;110.8895
1064;1064;0.0;0.0
1064;1065;157.61;173.71233333333333
1064;1067;137.02;156.53333333333333
1064;1068;132.01;147.79816666666665
1064;1070;168.97;201.018
1064;1074;89.48;107.191
1064;1076;104.59;119.52683333333333
1064;1082;18.39;28.19066666666667
1064;1084;65.9;92.68983333333334
1064;1088;152.29;172.7976666666667
1064;1089;153.56;174.64333333333335
1064;1091;88.62;105.43433333333334
1064;1102;171.5;194.41466666666665
1064;1115;46.46;54.968333333333334
1064;1123;29.33;39.700833333333335
1064;1126;100.85;116.69966666666666
1064;1133;86.94;101.9365
1064;1151;99.15;115.72866666666667
1064;1164;133.18;150.88016666666667
1064;1165;121.87;146.47616666666667
1064;1174;53.62;63.13916666666667
1064;1176;128.94;145.417
1064;1177;108.44;124.22166666666666
1064;1179;110.58;116.19183333333334
1064;1186;132.8;163.19416666666666
1064;1187;145.4;181.44316666666666
1064;1190;19.41;29.5915
1064;1193;177.62;181.91083333333333
1064;1204;156.72;173.46583333333334
1064;1210;118.22;135.71099999999998
1064;1213;87.64;106.84899999999999
1064;1236;122.15;144.10833333333332
1064;1255;173.3;191.89483333333334
1064;1313;121.75;131.95166666666668
1064;1350;134.71;160.20166666666668
1064;1371;106.95;127.30566666666667
1064;1372;81.76;96.99616666666667
1065;0;172.83;196.697
1065;1001;190.05;217.02366666666666
1065;1015;116.3;132.66683333333333
1065;1016;114.72;129.79383333333334
1065;1020;180.66;204.2945
1065;1030;201.27;229.6328333333333
1065;1031;222.34;255.4775
1065;1034;253.8;286.10066666666665
1065;1035;226.46;252.79533333333333
1065;1041;188.2;206.21933333333334
1065;1045;229.18;264.28933333333333
1065;1050;183.17;232.57299999999998
1065;1053;73.56;99.53116666666666
1065;1056;44.37;60.696333333333335
1065;1061;73.23;89.76133333333334
1065;1062;69.51;93.73233333333333
1065;1063;68.22;95.16083333333333
1065;1064;157.61;173.71233333333333
1065;1065;0.0;0.0
1065;1067;131.16;172.38833333333332
1065;1068;126.18;164.94366666666667
1065;1070;183.41;232.04233333333335
1065;1074;177.9;205.32150000000001
1065;1076;196.44;214.1715
1065;1082;182.9;198.92016666666666
1065;1084;240.21;256.6465
1065;1088;240.71;270.9281666666667
1065;1089;241.98;272.77383333333336
1065;1091;177.04;203.56483333333333
1065;1102;263.35;289.05933333333337
1065;1115;116.74;137.013
1065;1123;174.3;187.62716666666665
1065;1126;192.71;211.3445
1065;1133;153.78;176.18633333333335
1065;1151;191.0;210.37333333333333
1065;1164;221.61;249.01066666666665
1065;1165;265.92;278.30716666666666
1065;1174;150.48;166.19783333333334
1065;1176;217.36;243.5475
1065;1177;196.86;222.35216666666665
1065;1179;64.68;84.41883333333334
1065;1186;224.66;257.83883333333335
1065;1187;237.25;276.0878333333333
1065;1190;175.63;191.16966666666667
1065;1193;75.03;96.05566666666667
1065;1204;1.04;1.8536666666666666
1065;1210;206.64;233.8415
1065;1213;179.49;201.49383333333333
1065;1236;210.57;242.23883333333333
1065;1255;261.72;290.0253333333333
1065;1313;71.57;95.19733333333333
1065;1350;226.57;254.84633333333335
1065;1371;183.05;211.92466666666667
1065;1372;69.89;94.53850000000001
1067;0;73.16;86.94166666666666
1067;1001;90.37;107.26849999999999
1067;1015;138.98;160.0065
1067;1016;100.9;119.85733333333333
1067;1020;121.61;144.84183333333334
1067;1030;101.6;119.87766666666667
1067;1031;67.2;104.40316666666666
1067;1034;55.91;83.09066666666666
1067;1035;126.79;143.04016666666666
1067;1041;111.62;130.5965
1067;1045;156.21;190.78266666666664
1067;1050;60.52;82.64316666666667
1067;1053;95.75;115.98583333333333
1067;1056;109.25;149.26033333333334
1067;1061;88.06;117.26416666666667
1067;1062;96.1;127.33466666666666
1067;1063;110.18;149.417
1067;1064;137.02;156.53333333333333
1067;1065;131.16;172.38833333333332
1067;1067;0.0;0.0
1067;1068;5.46;9.915666666666668
1067;1070;40.55;59.405833333333334
1067;1074;77.76;93.99499999999999
1067;1076;119.75;138.1328333333333
1067;1082;136.45;155.325
1067;1084;163.52;180.60783333333333
1067;1088;50.71;71.409
1067;1089;50.46;72.68566666666668
1067;1091;76.9;92.23833333333333
1067;1102;170.42;197.04149999999998
1067;1115;154.83;178.87199999999999
1067;1123;110.98;126.209
1067;1126;116.01;135.30566666666667
1067;1133;56.91;70.13366666666667
1067;1151;114.31;134.33466666666666
1067;1164;121.46;137.68416666666664
1067;1165;189.22;202.26850000000002
1067;1174;87.0;101.74416666666666
1067;1176;117.21;132.221
1067;1177;96.71;111.02566666666667
1067;1179;102.87;141.44616666666667
1067;1186;140.96;178.63766666666666
1067;1187;169.8;201.592
1067;1190;117.87;137.30133333333333
1067;1193;121.81;147.02866666666665
1067;1204;130.38;172.9545
1067;1210;106.5;122.515
1067;1213;102.8;125.455
1067;1236;110.43;130.91233333333332
1067;1255;53.77;78.18066666666667
1067;1313;56.9;77.72016666666667
1067;1350;110.07;135.85183333333333
1067;1371;22.28;35.20283333333334
1067;1372;101.31;134.85816666666668
1068;0;68.15;78.20666666666666
1068;1001;85.37;98.53333333333333
1068;1015;133.97;151.2715
1068;1016;95.89;111.12216666666667
1068;1020;116.6;136.10683333333333
1068;1030;96.59;111.14266666666667
1068;1031;117.66;136.98733333333334
1068;1034;54.01;80.07266666666666
1068;1035;121.78;134.30516666666668
1068;1041;106.61;121.86149999999999
1068;1045;151.2;182.0476666666667
1068;1050;69.56;90.35616666666667
1068;1053;90.74;107.25066666666666
1068;1056;104.27;141.8156666666667
1068;1061;83.08;109.8195
1068;1062;91.12;119.89
1068;1063;105.2;141.97233333333332
1068;1064;132.01;147.79816666666665
1068;1065;126.18;164.94366666666667
1068;1067;5.46;9.915666666666668
1068;1068;0.0;0.0
1068;1070;38.56;56.229166666666664
1068;1074;72.69;85.2575
1068;1076;114.68;129.39516666666665
1068;1082;131.38;146.5875
1068;1084;158.45;171.87016666666665
1068;1088;48.72;68.2325
1068;1089;48.47;69.509
1068;1091;71.83;83.50083333333333
1068;1102;165.36;188.304
1068;1115;149.77;170.1345
1068;1123;105.91;117.4715
1068;1126;110.95;126.56816666666667
1068;1133;51.85;61.396166666666666
1068;1151;109.24;125.59716666666667
1068;1164;116.39;128.94666666666666
1068;1165;184.16;193.53083333333333
1068;1174;81.94;93.0065
1068;1176;112.15;123.48333333333333
1068;1177;91.65;102.28816666666667
1068;1179;97.82;133.86966666666666
1068;1186;135.89;169.9
1068;1187;164.73;192.8545
1068;1190;112.8;128.56366666666665
1068;1193;116.75;138.29116666666667
1068;1204;125.33;165.3781666666667
1068;1210;101.43;113.77733333333335
1068;1213;97.73;116.7175
1068;1236;105.36;122.17466666666665
1068;1255;51.79;75.00416666666666
1068;1313;51.86;70.14366666666666
1068;1350;105.0;127.11433333333333
1068;1371;29.05;43.62983333333333
1068;1372;96.27;127.28183333333332
1070;0;105.12;131.4265
1070;1001;98.2;114.91733333333333
1070;1015;170.93;204.49133333333333
1070;1016;132.85;164.34216666666669
1070;1020;153.56;189.32666666666668
1070;1030;90.5;109.94383333333333
1070;1031;74.49;105.639
1070;1034;38.06;54.263333333333335
1070;1035;65.73;86.167
1070;1041;143.57;175.08133333333333
1070;1045;179.09;215.95566666666667
1070;1050;27.65;36.51833333333333
1070;1053;96.14;126.431
1070;1056;183.07;218.881
1070;1061;117.79;159.06083333333333
1070;1062;125.83;169.13133333333332
1070;1063;150.2;194.98149999999998
1070;1064;168.97;201.018
1070;1065;183.41;232.04233333333335
1070;1067;40.55;59.405833333333334
1070;1068;38.56;56.229166666666664
1070;1070;0.0;0.0
1070;1074;75.35;115.82583333333334
1070;1076;151.77;183.0546666666667
1070;1082;168.47;200.24699999999999
1070;1084;195.54;225.52966666666669
1070;1088;37.89;54.96666666666667
1070;1089;35.56;51.311
1070;1091;113.31;138.408
1070;1102;194.77;229.95133333333334
1070;1115;186.85;223.7938333333333
1070;1123;143.0;171.131
1070;1126;148.03;180.22766666666666
1070;1133;88.93;115.05566666666667
1070;1151;143.4;178.93516666666667
1070;1164;74.1;103.6425
1070;1165;221.24;247.19033333333334
1070;1174;119.02;146.666
1070;1176;78.66;106.91133333333333
1070;1177;89.76;109.7735
1070;1179;192.17;224.35966666666667
1070;1186;165.31;211.5475
1070;1187;194.15;234.50183333333334
1070;1190;149.89;182.22316666666666
1070;1193;122.59;158.663
1070;1204;183.02;230.392
1070;1210;87.91;114.479
1070;1213;130.3;170.95116666666667
1070;1236;103.47;129.66
1070;1255;19.34;29.329333333333334
1070;1313;79.94;110.88466666666666
1070;1350;111.27;139.55816666666666
1070;1371;57.53;87.16316666666667
1070;1372;151.22;193.7055
1074;0;25.99;39.771166666666666
1074;1001;15.28;25.745166666666666
1074;1015;103.77;124.17583333333333
1074;1016;65.69;84.0265
1074;1020;74.07;95.49966666666666
1074;1030;46.16;60.434666666666665
1074;1031;25.88;43.64933333333333
1074;1034;98.7;116.90249999999999
1074;1035;71.35;83.59716666666667
1074;1041;64.08;81.25433333333334
1074;1045;100.77;131.33966666666666
1074;1050;134.24;162.83616666666666
1074;1053;155.43;179.73083333333335
1074;1056;155.99;182.1935
1074;1061;134.8;150.19733333333335
1074;1062;142.84;160.26783333333333
1074;1063;156.92;182.35016666666667
1074;1064;89.48;107.191
1074;1065;177.9;205.32150000000001
1074;1067;77.76;93.99499999999999
1074;1068;72.69;85.2575
1074;1070;75.35;115.82583333333334
1074;1074;0.0;0.0
1074;1076;72.26;88.6185
1074;1082;88.96;105.81083333333332
1074;1084;116.03;131.0935
1074;1088;50.73;76.571
1074;1089;86.21;103.14750000000001
1074;1091;12.87;20.480833333333333
1074;1102;114.8;138.74183333333335
1074;1115;124.76;139.14766666666668
1074;1123;63.49;76.69466666666668
1074;1126;68.53;85.79133333333333
1074;1133;21.68;35.291333333333334
1074;1151;66.82;84.82033333333334
1074;1164;25.21;41.02733333333333
1074;1165;141.74;152.75416666666666
1074;1174;39.52;52.22983333333333
1074;1176;26.37;45.089333333333336
1074;1177;41.09;52.726
1074;1179;150.42;175.95216666666664
1074;1186;85.33;120.338
1074;1187;114.17;143.29233333333335
1074;1190;70.38;87.787
1074;1193;199.18;217.42299999999997
1074;1204;177.94;207.4605
1074;1210;21.04;35.68783333333333
1074;1213;55.31;75.94066666666666
1074;1236;54.8;72.61266666666667
1074;1255;105.95;120.39916666666666
1074;1313;130.28;151.6506666666667
1074;1350;54.44;77.55216666666666
1074;1371;37.93;57.7225
1074;1372;139.35;165.49566666666666
1076;0;63.9;79.18066666666667
1076;1001;83.48;97.93516666666666
1076;1015;122.31;133.02583333333334
1076;1016;84.23;92.87650000000001
1076;1020;50.43;67.688
1076;1030;94.71;110.54433333333333
1076;1031;115.78;136.389
1076;1034;147.24;167.01216666666667
1076;1035;119.9;133.70683333333332
1076;1041;16.78;26.465833333333332
1076;1045;87.5;116.78883333333333
1076;1050;176.24;206.97400000000002
1076;1053;181.1;195.10883333333334
1076;1056;174.54;191.04350000000002
1076;1061;153.34;159.04733333333334
1076;1062;161.38;169.11783333333332
1076;1063;175.46;191.20016666666666
1076;1064;104.59;119.52683333333333
1076;1065;196.44;214.1715
1076;1067;119.75;138.1328333333333
1076;1068;114.68;129.39516666666665
1076;1070;151.77;183.0546666666667
1076;1074;72.26;88.6185
1076;1076;0.0;0.0
1076;1082;65.25;86.64033333333333
1076;1084;57.33;68.32533333333335
1076;1088;135.3;154.73533333333336
1076;1089;136.58;156.58100000000002
1076;1091;71.64;87.37216666666667
1076;1102;122.41;143.1461666666667
1076;1115;134.54;143.42983333333333
1076;1123;73.27;80.97683333333333
1076;1126;12.22;20.616666666666667
1076;1133;69.96;83.87416666666667
1076;1151;50.06;64.46016666666667
1076;1164;116.2;132.818
1076;1165;83.03;89.986
1076;1174;53.96;63.08683333333333
1076;1176;111.96;127.35483333333333
1076;1177;91.46;106.1595
1076;1179;168.22;182.33883333333333
1076;1186;83.71;111.92566666666667
1076;1187;96.31;130.17466666666667
1076;1190;80.16;92.06916666666666
1076;1193;216.97;223.80983333333333
1076;1204;195.73;213.84716666666665
1076;1210;101.24;117.64866666666667
1076;1213;38.54;54.38
1076;1236;105.17;126.04616666666668
1076;1255;156.32;173.83266666666665
1076;1313;148.07;158.03733333333332
1076;1350;85.62;108.93299999999999
1076;1371;89.97;109.2435
1076;1372;157.15;171.88233333333335
1082;0;72.65;87.86999999999999
1082;1001;100.18;115.1275
1082;1015;66.74;76.1305
1082;1016;84.04;94.542
1082;1020;35.54;49.4745
1082;1030;111.4;127.73666666666666
1082;1031;132.47;153.58133333333333
1082;1034;163.94;184.2045
1082;1035;136.59;150.89916666666667
1082;1041;90.32;102.21849999999999
1082;1045;131.3;160.2885
1082;1050;192.93;224.1663333333333
1082;1053;200.04;207.75383333333332
1082;1056;133.3;137.62966666666668
1082;1061;151.43;161.33183333333332
1082;1062;139.85;148.35966666666667
1082;1063;124.55;135.83933333333331
1082;1064;18.39;28.19066666666667
1082;1065;182.9;198.92016666666666
1082;1067;136.45;155.325
1082;1068;131.38;146.5875
1082;1070;168.47;200.24699999999999
1082;1074;88.96;105.81083333333332
1082;1076;65.25;86.64033333333333
1082;1082;0.0;0.0
1082;1084;50.99;70.63516666666666
1082;1088;151.54;170.57000000000002
1082;1089;152.82;172.41566666666668
1082;1091;87.88;103.20666666666666
1082;1102;170.76;192.18699999999998
1082;1115;71.95;80.10216666666666
1082;1123;28.59;37.473166666666664
1082;1126;100.11;114.472
1082;1133;86.19;99.70866666666667
1082;1151;98.41;113.501
1082;1164;132.44;148.6525
1082;1165;106.95;124.4215
1082;1174;52.88;60.91166666666666
1082;1176;128.19;143.18933333333334
1082;1177;107.69;121.994
1082;1179;136.07;141.32566666666668
1082;1186;132.06;160.9665
1082;1187;144.66;179.2155
1082;1190;12.7;18.804666666666666
1082;1193;203.11;207.04466666666667
1082;1204;182.21;198.59966666666665
1082;1210;117.48;133.48333333333332
1082;1213;86.9;104.62133333333333
1082;1236;121.41;141.88066666666666
1082;1255;172.55;189.66716666666667
1082;1313;146.77;157.70166666666668
1082;1350;133.97;157.97400000000002
1082;1371;106.21;125.078
1082;1372;107.25;122.13000000000001
1084;0;107.67;121.65566666666668
1084;1001;127.25;140.41016666666667
1084;1015;114.25;140.62966666666668
1084;1016;127.99;135.35150000000002
1084;1020;65.92;83.82933333333334
1084;1030;138.47;153.01933333333332
1084;1031;159.54;178.864
1084;1034;191.01;209.48716666666667
1084;1035;163.66;176.18183333333334
1084;1041;76.08;86.634
1084;1045;111.94;143.28183333333334
1084;1050;220.0;249.449
1084;1053;224.86;237.58383333333333
1084;1056;180.82;202.12866666666665
1084;1061;197.11;201.52233333333334
1084;1062;205.15;211.59283333333332
1084;1063;172.06;200.3383333333333
1084;1064;65.9;92.68983333333334
1084;1065;240.21;256.6465
1084;1067;163.52;180.60783333333333
1084;1068;158.45;171.87016666666665
1084;1070;195.54;225.52966666666669
1084;1074;116.03;131.0935
1084;1076;57.33;68.32533333333335
1084;1082;50.99;70.63516666666666
1084;1084;0.0;0.0
1084;1088;177.91;193.47
1084;1089;179.18;195.3156666666667
1084;1091;114.25;126.10666666666665
1084;1102;165.01;181.88066666666666
1084;1115;119.57;144.93483333333333
1084;1123;115.88;119.71149999999999
1084;1126;80.42;88.966
1084;1133;112.56;122.60883333333332
1084;1151;92.66;103.19483333333332
1084;1164;158.81;171.55249999999998
1084;1165;68.97;76.54733333333334
1084;1174;96.57;101.8215
1084;1176;154.56;166.08933333333334
1084;1177;134.06;144.89399999999998
1084;1179;210.82;221.0735
1084;1186;110.05;138.68116666666668
1084;1187;107.82;143.68833333333333
1084;1190;53.32;74.96716666666666
1084;1193;259.58;262.5443333333333
1084;1204;238.34;252.58183333333332
1084;1210;143.84;156.38333333333333
1084;1213;81.15;93.11466666666666
1084;1236;147.77;164.78066666666666
1084;1255;198.92;212.56716666666668
1084;1313;190.68;196.772
1084;1350;128.23;147.66766666666666
1084;1371;132.58;147.978
1084;1372;199.75;210.61700000000002
1088;0;79.16;97.28116666666666
1088;1001;58.6;67.89399999999999
1088;1015;166.57;189.78233333333336
1088;1016;128.49;149.63316666666665
1088;1020;136.88;161.10616666666667
1088;1030;50.9;62.9205
1088;1031;34.89;58.61566666666667
1088;1034;17.94;30.563666666666666
1088;1035;26.14;39.14366666666667
1088;1041;126.89;146.86083333333332
1088;1045;139.49;168.93216666666666
1088;1050;64.82;87.3195
1088;1053;137.86;172.47383333333335
1088;1056;218.8;247.80016666666668
1088;1061;197.61;215.804
1088;1062;205.65;225.87449999999998
1088;1063;219.73;247.95683333333332
1088;1064;152.29;172.7976666666667
1088;1065;240.71;270.9281666666667
1088;1067;50.71;71.409
1088;1068;48.72;68.2325
1088;1070;37.89;54.96666666666667
1088;1074;50.73;76.571
1088;1076;135.3;154.73533333333336
1088;1082;151.54;170.57000000000002
1088;1084;177.91;193.47
1088;1088;0.0;0.0
1088;1089;3.03;6.323666666666667
1088;1091;73.48;90.65816666666666
1088;1102;154.94;182.20133333333334
1088;1115;191.08;211.84816666666666
1088;1123;129.81;149.39533333333333
1088;1126;134.84;158.49200000000002
1088;1133;95.39;116.05566666666667
1088;1151;103.56;131.18533333333332
1088;1164;27.03;50.660666666666664
1088;1165;208.05;225.45483333333334
1088;1174;105.83;124.9305
1088;1176;38.83;59.16133333333333
1088;1177;49.93;62.0235
1088;1179;216.74;248.65283333333335
1088;1186;125.48;163.7975
1088;1187;154.32;186.752
1088;1190;136.7;160.48766666666668
1088;1193;163.93;203.6595
1088;1204;244.25;280.16116666666665
1088;1210;48.08;66.729
1088;1213;90.47;123.20116666666667
1088;1236;63.64;81.91016666666665
1088;1255;45.21;62.877500000000005
1088;1313;99.04;135.512
1088;1350;71.44;91.80816666666666
1088;1371;42.79;65.65666666666667
1088;1372;205.67;238.19633333333334
1089;0;80.44;99.12683333333332
1089;1001;59.88;69.73966666666666
1089;1015;167.85;191.62800000000001
1089;1016;129.77;151.4788333333333
1089;1020;138.15;162.95183333333335
1089;1030;52.17;64.76616666666666
1089;1031;36.16;60.46133333333333
1089;1034;15.62;26.908166666666666
1089;1035;27.41;40.989333333333335
1089;1041;128.16;148.70649999999998
1089;1045;140.77;170.77783333333335
1089;1050;62.49;83.66383333333333
1089;1053;137.61;173.75050000000002
1089;1056;220.08;249.64583333333334
1089;1061;198.88;217.64966666666666
1089;1062;206.92;227.72016666666664
1089;1063;221.0;249.80249999999998
1089;1064;153.56;174.64333333333335
1089;1065;241.98;272.77383333333336
1089;1067;50.46;72.68566666666668
1089;1068;48.47;69.509
1089;1070;35.56;51.311
1089;1074;86.21;103.14750000000001
1089;1076;136.58;156.58100000000002
1089;1082;152.82;172.41566666666668
1089;1084;179.18;195.3156666666667
1089;1088;3.03;6.323666666666667
1089;1089;0.0;0.0
1089;1091;74.72;92.44383333333333
1089;1102;156.18;183.98716666666667
1089;1115;192.32;213.63383333333334
1089;1123;131.05;151.181
1089;1126;136.08;160.27766666666668
1089;1133;96.63;117.84133333333332
1089;1151;104.8;132.971
1089;1164;28.27;52.446333333333335
1089;1165;209.29;227.2405
1089;1174;107.07;126.71616666666667
1089;1176;40.07;60.947
1089;1177;51.17;63.80916666666667
1089;1179;217.98;250.4385
1089;1186;126.72;165.58316666666667
1089;1187;155.56;188.53766666666667
1089;1190;137.93;162.27333333333334
1089;1193;163.68;204.936
1089;1204;245.49;281.94683333333336
1089;1210;49.31;68.51466666666667
1089;1213;91.71;124.98683333333334
1089;1236;64.88;83.69583333333334
1089;1255;34.9;51.15383333333333
1089;1313;98.79;136.78866666666667
1089;1350;72.68;93.59383333333334
1089;1371;42.54;66.93333333333334
1089;1372;206.91;239.982
1091;0;25.13;38.01466666666667
1091;1001;9.16;16.046333333333333
1091;1015;102.91;122.41916666666665
1091;1016;64.83;82.27
1091;1020;73.21;93.743
1091;1030;29.61;39.88333333333333
1091;1031;29.89;51.332166666666666
1091;1034;82.14;96.35116666666666
1091;1035;54.8;63.045833333333334
1091;1041;63.22;79.49766666666666
1091;1045;84.22;110.78833333333334
1091;1050;131.53;160.32000000000002
1091;1053;154.57;177.9741666666667
1091;1056;155.14;180.43699999999998
1091;1061;133.94;148.4406666666667
1091;1062;141.98;158.51116666666667
1091;1063;156.06;180.59366666666668
1091;1064;88.62;105.43433333333334
1091;1065;177.04;203.56483333333333
1091;1067;76.9;92.23833333333333
1091;1068;71.83;83.50083333333333
1091;1070;113.31;138.408
1091;1074;12.87;20.480833333333333
1091;1076;71.64;87.37216666666667
1091;1082;87.88;103.20666666666666
1091;1084;114.25;126.10666666666665
1091;1088;73.48;90.65816666666666
1091;1089;74.72;92.44383333333333
1091;1091;0.0;0.0
1091;1102;99.29;119.92166666666667
1091;1115;123.76;137.54066666666668
1091;1123;62.5;75.08783333333334
1091;1126;67.53;84.1845
1091;1133;28.08;41.74816666666666
1091;1151;47.91;68.9055
1091;1164;29.18;48.58183333333333
1091;1165;140.74;151.14733333333334
1091;1174;38.52;50.623000000000005
1091;1176;46.08;55.10116666666667
1091;1177;25.58;33.905833333333334
1091;1179;149.43;174.34533333333331
1091;1186;69.83;101.51766666666667
1091;1187;98.67;124.47216666666667
1091;1190;69.38;86.18016666666668
1091;1193;198.18;215.81616666666665
1091;1204;176.94;205.85366666666667
1091;1210;35.36;45.394999999999996
1091;1213;48.93;73.539
1091;1236;39.29;53.792500000000004
1091;1255;90.44;101.57883333333332
1091;1313;129.28;150.0438333333333
1091;1350;38.93;58.732
1091;1371;48.1;67.11733333333333
1091;1372;138.36;163.88883333333334
1102;0;86.2;105.8305
1102;1001;99.84;118.81733333333334
1102;1015;189.22;207.91366666666667
1102;1016;151.14;167.76450000000003
1102;1020;131.74;162.97116666666668
1102;1030;67.92;92.5775
1102;1031;132.14;157.27133333333333
1102;1034;163.6;187.8945
1102;1035;136.26;154.58916666666667
1102;1041;113.99;135.27166666666668
1102;1045;38.04;54.425666666666665
1102;1050;212.99;251.86333333333332
1102;1053;248.01;269.99666666666667
1102;1056;241.44;265.9313333333333
1102;1061;220.25;233.93516666666667
1102;1062;228.29;244.00566666666666
1102;1063;242.37;266.088
1102;1064;171.5;194.41466666666665
1102;1065;263.35;289.05933333333337
1102;1067;170.42;197.04149999999998
1102;1068;165.36;188.304
1102;1070;194.77;229.95133333333334
1102;1074;114.8;138.74183333333335
1102;1076;122.41;143.1461666666667
1102;1082;170.76;192.18699999999998
1102;1084;165.01;181.88066666666666
1102;1088;154.94;182.20133333333334
1102;1089;156.18;183.98716666666667
1102;1091;99.29;119.92166666666667
1102;1102;0.0;0.0
1102;1115;200.59;216.22899999999998
1102;1123;139.32;153.77616666666665
1102;1126;117.25;136.56550000000001
1102;1133;121.54;146.09883333333335
1102;1151;98.16;115.75666666666666
1102;1164;135.8;156.92783333333333
1102;1165;190.46;203.52816666666666
1102;1174;120.01;135.886
1102;1176;131.55;151.46466666666666
1102;1177;68.96;96.5265
1102;1179;234.27;255.13816666666668
1102;1186;39.42;58.971333333333334
1102;1187;39.43;56.675333333333334
1102;1190;146.21;164.86833333333334
1102;1193;283.02;296.60900000000004
1102;1204;261.78;286.6465
1102;1210;120.84;141.7585
1102;1213;99.17;120.39016666666666
1102;1236;59.51;81.18883333333333
1102;1255;175.91;197.94233333333335
1102;1313;214.12;230.83666666666667
1102;1350;55.52;67.78450000000001
1102;1371;141.55;171.46816666666666
1102;1372;223.2;244.68166666666667
1115;0;108.45;121.20683333333334
1115;1001;135.98;148.46416666666667
1115;1015;13.68;19.066166666666668
1115;1016;56.09;67.75166666666667
1115;1020;92.97;107.19933333333333
1115;1030;147.2;161.0735
1115;1031;168.27;186.91816666666668
1115;1034;199.74;217.5413333333333
1115;1035;172.39;184.236
1115;1041;126.12;135.55516666666668
1115;1045;167.1;193.62533333333334
1115;1050;141.02;196.9435
1115;1053;101.4;117.95033333333335
1115;1056;80.03;86.9855
1115;1061;73.64;81.88883333333334
1115;1062;42.78;56.95233333333333
1115;1063;46.58;60.73833333333334
1115;1064;46.46;54.968333333333334
1115;1065;116.74;137.013
1115;1067;154.83;178.87199999999999
1115;1068;149.77;170.1345
1115;1070;186.85;223.7938333333333
1115;1074;124.76;139.14766666666668
1115;1076;134.54;143.42983333333333
1115;1082;71.95;80.10216666666666
1115;1084;119.57;144.93483333333333
1115;1088;191.08;211.84816666666666
1115;1089;192.32;213.63383333333334
1115;1091;123.76;137.54066666666668
1115;1102;200.59;216.22899999999998
1115;1115;0.0;0.0
1115;1123;63.26;68.12883333333333
1115;1126;134.78;145.12783333333334
1115;1133;95.31;112.69533333333334
1115;1151;133.08;144.15683333333334
1115;1164;167.11;179.30833333333334
1115;1165;175.33;197.70733333333334
1115;1174;87.55;91.56733333333334
1115;1176;162.86;173.845
1115;1177;142.36;152.64983333333333
1115;1179;83.38;90.98066666666666
1115;1186;166.73;191.62216666666666
1115;1187;179.32;209.87133333333335
1115;1190;64.58;71.67133333333332
1115;1193;136.38;143.624
1115;1204;115.14;133.6615
1115;1210;152.14;164.139
1115;1213;121.56;135.27716666666666
1115;1236;156.07;172.53633333333335
1115;1255;207.22;220.32283333333334
1115;1313;67.48;77.85166666666667
1115;1350;168.64;188.62966666666668
1115;1371;124.59;148.43366666666668
1115;1372;38.21;51.8335
1123;0;47.18;58.754
1123;1001;74.71;86.01133333333334
1123;1015;58.14;64.8375
1123;1016;58.57;65.426
1123;1020;31.7;44.7465
1123;1030;85.94;98.62049999999999
1123;1031;107.01;124.46533333333333
1123;1034;138.47;155.0883333333333
1123;1035;111.13;121.78316666666666
1123;1041;64.85;73.10233333333333
1123;1045;105.83;131.1725
1123;1050;167.47;195.05033333333333
1123;1053;155.44;167.65816666666666
1123;1056;124.7;126.33649999999999
1123;1061;127.69;131.59666666666666
1123;1062;131.25;137.06666666666666
1123;1063;115.95;124.54616666666668
1123;1064;29.33;39.700833333333335
1123;1065;174.3;187.62716666666665
1123;1067;110.98;126.209
1123;1068;105.91;117.4715
1123;1070;143.0;171.131
1123;1074;63.49;76.69466666666668
1123;1076;73.27;80.97683333333333
1123;1082;28.59;37.473166666666664
1123;1084;115.88;119.71149999999999
1123;1088;129.81;149.39533333333333
1123;1089;131.05;151.181
1123;1091;62.5;75.08783333333334
1123;1102;139.32;153.77616666666665
1123;1115;63.26;68.12883333333333
1123;1123;0.0;0.0
1123;1126;74.52;84.821
1123;1133;60.61;70.05766666666666
1123;1151;72.82;83.85
1123;1164;106.85;119.00150000000001
1123;1165;147.73;151.78383333333335
1123;1174;27.3;31.2605
1123;1176;102.61;113.53833333333334
1123;1177;82.11;92.343
1123;1179;128.68;132.32016666666667
1123;1186;106.48;131.31550000000001
1123;1187;119.07;149.5645
1123;1190;10.04;19.311833333333333
1123;1193;190.09;193.82316666666665
1123;1204;168.85;183.86066666666665
1123;1210;91.89;103.83233333333332
1123;1213;61.31;74.97033333333334
1123;1236;95.82;112.22966666666666
1123;1255;146.97;160.01616666666666
1123;1313;121.19;128.05066666666667
1123;1350;108.39;128.323
1123;1371;80.62;95.42699999999999
1123;1372;99.85;113.1245
1126;0;60.16;76.3535
1126;1001;79.75;95.10799999999999
1126;1015;118.57;130.19866666666667
1126;1016;80.49;90.04950000000001
1126;1020;46.75;69.1875
1126;1030;90.97;107.71733333333333
1126;1031;112.04;133.562
1126;1034;143.5;164.18516666666667
1126;1035;116.16;130.87983333333332
1126;1041;8.22;12.869166666666667
1126;1045;53.96;81.55933333333334
1126;1050;172.5;204.147
1126;1053;177.36;192.28166666666667
1126;1056;170.8;188.2165
1126;1061;149.6;156.22016666666664
1126;1062;157.65;166.29066666666668
1126;1063;171.72;188.373
1126;1064;100.85;116.69966666666666
1126;1065;192.71;211.3445
1126;1067;116.01;135.30566666666667
1126;1068;110.95;126.56816666666667
1126;1070;148.03;180.22766666666666
1126;1074;68.53;85.79133333333333
1126;1076;12.22;20.616666666666667
1126;1082;100.11;114.472
1126;1084;80.42;88.966
1126;1088;134.84;158.49200000000002
1126;1089;136.08;160.27766666666668
1126;1091;67.53;84.1845
1126;1102;117.25;136.56550000000001
1126;1115;134.78;145.12783333333334
1126;1123;74.52;84.821
1126;1126;0.0;0.0
1126;1133;66.32;80.48266666666667
1126;1151;34.23;45.543
1126;1164;112.57;129.4265
1126;1165;106.58;112.77783333333333
1126;1174;50.33;59.6955
1126;1176;108.32;123.96333333333334
1126;1177;87.82;102.768
1126;1179;164.59;178.94750000000002
1126;1186;49.89;74.57300000000001
1126;1187;62.48;92.82199999999999
1126;1190;76.53;88.67766666666667
1126;1193;213.34;220.41833333333335
1126;1204;192.1;210.45583333333335
1126;1210;97.61;114.25733333333332
1126;1213;34.91;50.98866666666667
1126;1236;101.54;122.65466666666666
1126;1255;152.68;170.44116666666665
1126;1313;144.44;154.64600000000002
1126;1350;81.99;105.54166666666667
1126;1371;86.34;105.852
1126;1372;153.51;168.49099999999999
1133;0;23.08;32.344833333333334
1133;1001;40.3;52.67166666666667
1133;1015;79.64;95.04066666666667
1133;1016;41.56;54.891333333333336
1133;1020;71.53;90.24499999999999
1133;1030;51.52;65.28083333333333
1133;1031;72.59;91.1255
1133;1034;104.05;121.74866666666667
1133;1035;76.71;88.44333333333334
1133;1041;61.54;75.99966666666666
1133;1045;106.13;136.18583333333333
1133;1050;113.4;138.975
1133;1053;138.43;157.12366666666668
1133;1056;131.87;153.05833333333334
1133;1061;110.67;121.06216666666666
1133;1062;118.72;131.13266666666667
1133;1063;132.79;153.215
1133;1064;86.94;101.9365
1133;1065;153.78;176.18633333333335
1133;1067;56.91;70.13366666666667
1133;1068;51.85;61.396166666666666
1133;1070;88.93;115.05566666666667
1133;1074;21.68;35.291333333333334
1133;1076;69.96;83.87416666666667
1133;1082;86.19;99.70866666666667
1133;1084;112.56;122.60883333333332
1133;1088;95.39;116.05566666666667
1133;1089;96.63;117.84133333333332
1133;1091;28.08;41.74816666666666
1133;1102;121.54;146.09883333333335
1133;1115;95.31;112.69533333333334
1133;1123;60.61;70.05766666666666
1133;1126;66.32;80.48266666666667
1133;1133;0.0;0.0
1133;1151;64.89;81.47616666666666
1133;1164;72.04;84.82566666666666
1133;1165;139.81;149.41
1133;1174;37.59;48.885666666666665
1133;1176;67.8;79.3625
1133;1177;47.3;58.16716666666667
1133;1179;126.13;144.92166666666665
1133;1186;91.54;125.77916666666667
1133;1187;120.38;148.7335
1133;1190;68.45;84.44266666666667
1133;1193;174.88;186.39249999999998
1133;1204;153.64;176.42999999999998
1133;1210;57.08;69.65633333333334
1133;1213;53.38;72.5965
1133;1236;61.01;78.05383333333333
1133;1255;112.16;125.84033333333333
1133;1313;105.98;120.62016666666666
1133;1350;60.65;82.99333333333334
1133;1371;26.83;41.05783333333333
1133;1372;115.06;134.46516666666668
1151;0;34.83;54.814499999999995
1151;1001;48.47;67.80133333333333
1151;1015;116.87;129.22766666666666
1151;1016;78.79;89.0785
1151;1020;59.39;84.28516666666665
1151;1030;59.69;80.4105
1151;1031;80.76;106.25516666666667
1151;1034;112.22;136.87833333333336
1151;1035;84.88;103.57300000000001
1151;1041;30.71;42.026833333333336
1151;1045;36.79;58.8285
1151;1050;161.61;200.84716666666665
1151;1053;175.66;191.31066666666666
1151;1056;169.1;187.24533333333332
1151;1061;147.9;155.24916666666667
1151;1062;155.94;165.31966666666668
1151;1063;170.02;187.40200000000002
1151;1064;99.15;115.72866666666667
1151;1065;191.0;210.37333333333333
1151;1067;114.31;134.33466666666666
1151;1068;109.24;125.59716666666667
1151;1070;143.4;178.93516666666667
1151;1074;66.82;84.82033333333334
1151;1076;50.06;64.46016666666667
1151;1082;98.41;113.501
1151;1084;92.66;103.19483333333332
1151;1088;103.56;131.18533333333332
1151;1089;104.8;132.971
1151;1091;47.91;68.9055
1151;1102;98.16;115.75666666666666
1151;1115;133.08;144.15683333333334
1151;1123;72.82;83.85
1151;1126;34.23;45.543
1151;1133;64.89;81.47616666666666
1151;1151;0.0;0.0
1151;1164;85.01;106.98783333333334
1151;1165;118.7;126.40916666666666
1151;1174;48.24;58.767
1151;1176;80.76;101.52466666666666
1151;1177;60.26;80.32933333333334
1151;1179;162.5;178.01916666666665
1151;1186;32.45;51.14216666666667
1151;1187;45.04;69.39116666666668
1151;1190;74.44;87.74933333333334
1151;1193;211.25;219.48999999999998
1151;1204;190.01;209.5275
1151;1210;70.04;91.8185
1151;1213;27.41;43.271166666666666
1151;1236;73.97;100.216
1151;1255;125.12;148.00233333333333
1151;1313;142.35;153.7175
1151;1350;62.05;83.6
1151;1371;84.25;104.92366666666666
1151;1372;151.43;167.56266666666667
1164;0;60.06;75.36383333333333
1164;1001;22.54;35.95683333333333
1164;1015;147.47;167.86499999999998
1164;1016;109.39;127.71566666666666
1164;1020;117.78;139.18883333333332
1164;1030;31.8;41.003166666666665
1164;1031;0.85;3.122
1164;1034;42.93;61.58566666666666
1164;1035;15.3;27.48033333333333
1164;1041;107.78;124.9435
1164;1045;120.39;147.0148333333333
1164;1050;92.32;125.5545
1164;1053;199.13;223.42000000000002
1164;1056;199.7;225.88266666666667
1164;1061;178.51;193.8865
1164;1062;186.55;203.957
1164;1063;200.62;226.03933333333333
1164;1064;133.18;150.88016666666667
1164;1065;221.61;249.01066666666665
1164;1067;121.46;137.68416666666664
1164;1068;116.39;128.94666666666666
1164;1070;74.1;103.6425
1164;1074;25.21;41.02733333333333
1164;1076;116.2;132.818
1164;1082;132.44;148.6525
1164;1084;158.81;171.55249999999998
1164;1088;27.03;50.660666666666664
1164;1089;28.27;52.446333333333335
1164;1091;29.18;48.58183333333333
1164;1102;135.8;156.92783333333333
1164;1115;167.11;179.30833333333334
1164;1123;106.85;119.00150000000001
1164;1126;112.57;129.4265
1164;1133;72.04;84.82566666666666
1164;1151;85.01;106.98783333333334
1164;1164;0.0;0.0
1164;1165;182.39;199.94549999999998
1164;1174;80.17;99.42116666666668
1164;1176;1.25;4.340833333333333
1164;1177;24.27;36.51416666666667
1164;1179;191.08;223.14333333333335
1164;1186;99.82;138.28816666666668
1164;1187;128.66;161.24266666666665
1164;1190;111.04;134.97816666666665
1164;1193;239.83;264.6143333333333
1164;1204;218.59;254.65183333333334
1164;1210;9.88;17.907333333333334
1164;1213;64.81;97.69183333333334
1164;1236;37.98;56.40083333333334
1164;1255;55.19;75.01466666666667
1164;1313;170.93;198.84183333333334
1164;1350;45.78;66.29883333333333
1164;1371;46.22;70.84616666666668
1164;1372;180.01;212.6868333333333
1165;0;133.37;143.31633333333332
1165;1001;152.96;162.07083333333333
1165;1015;191.78;197.16133333333335
1165;1016;153.7;157.01216666666667
1165;1020;91.63;105.49
1165;1030;164.18;174.67999999999998
1165;1031;185.25;200.52466666666666
1165;1034;216.71;231.14783333333335
1165;1035;189.37;197.8425
1165;1041;101.79;108.29466666666667
1165;1045;137.98;166.48983333333334
1165;1050;245.71;271.10966666666667
1165;1053;250.57;259.2445
1165;1056;244.01;255.17916666666667
1165;1061;222.81;223.183
1165;1062;230.86;233.25349999999997
1165;1063;244.93;255.33583333333334
1165;1064;121.87;146.47616666666667
1165;1065;265.92;278.30716666666666
1165;1067;189.22;202.26850000000002
1165;1068;184.16;193.53083333333333
1165;1070;221.24;247.19033333333334
1165;1074;141.74;152.75416666666666
1165;1076;83.03;89.986
1165;1082;106.95;124.4215
1165;1084;68.97;76.54733333333334
1165;1088;208.05;225.45483333333334
1165;1089;209.29;227.2405
1165;1091;140.74;151.14733333333334
1165;1102;190.46;203.52816666666666
1165;1115;175.33;197.70733333333334
1165;1123;147.73;151.78383333333335
1165;1126;106.58;112.77783333333333
1165;1133;139.81;149.41
1165;1151;118.7;126.40916666666666
1165;1164;182.39;199.94549999999998
1165;1165;0.0;0.0
1165;1174;123.33;126.74499999999999
1165;1176;181.33;191.01283333333333
1165;1177;160.83;169.8175
1165;1179;237.59;245.99699999999999
1165;1186;137.19;164.97033333333331
1165;1187;134.97;169.97733333333332
1165;1190;105.77;125.2565
1165;1193;286.34;287.4678333333333
1165;1204;265.1;277.50533333333334
1165;1210;170.61;181.30683333333334
1165;1213;107.91;118.03816666666667
1165;1236;174.54;189.70416666666668
1165;1255;225.69;237.49066666666667
1165;1313;217.44;221.69549999999998
1165;1350;154.99;172.59116666666665
1165;1371;159.34;172.9015
1165;1372;226.52;235.5405
1174;0;23.2;34.289
1174;1001;50.74;61.5465
1174;1015;82.43;88.27600000000001
1174;1016;38.27;44.902833333333334
1174;1020;38.22;51.44783333333333
1174;1030;61.96;74.15566666666668
1174;1031;83.03;100.00033333333334
1174;1034;114.49;130.6235
1174;1035;87.15;97.31816666666667
1174;1041;45.54;55.212333333333326
1174;1045;86.52;113.28233333333333
1174;1050;143.49;170.58533333333335
1174;1053;135.14;147.13516666666666
1174;1056;149.0;149.775
1174;1061;107.38;111.07366666666667
1174;1062;115.42;121.14416666666666
1174;1063;129.5;143.22650000000002
1174;1064;53.62;63.13916666666667
1174;1065;150.48;166.19783333333334
1174;1067;87.0;101.74416666666666
1174;1068;81.94;93.0065
1174;1070;119.02;146.666
1174;1074;39.52;52.22983333333333
1174;1076;53.96;63.08683333333333
1174;1082;52.88;60.91166666666666
1174;1084;96.57;101.8215
1174;1088;105.83;124.9305
1174;1089;107.07;126.71616666666667
1174;1091;38.52;50.623000000000005
1174;1102;120.01;135.886
1174;1115;87.55;91.56733333333334
1174;1123;27.3;31.2605
1174;1126;50.33;59.6955
1174;1133;37.59;48.885666666666665
1174;1151;48.24;58.767
1174;1164;80.17;99.42116666666668
1174;1165;123.33;126.74499999999999
1174;1174;0.0;0.0
1174;1176;79.09;90.1395
1174;1177;58.59;68.94416666666666
1174;1179;122.14;134.54333333333335
1174;1186;82.96;107.91666666666667
1174;1187;95.56;126.16566666666667
1174;1190;34.1;42.13183333333333
1174;1193;170.89;176.01416666666668
1174;1204;149.65;166.05166666666668
1174;1210;68.38;80.43350000000001
1174;1213;37.8;51.5715
1174;1236;72.31;88.83083333333335
1174;1255;123.45;136.61733333333333
1174;1313;101.99;110.24183333333333
1174;1350;84.87;104.92416666666666
1174;1371;57.11;72.02816666666666
1174;1372;111.07;124.08683333333333
1176;0;55.81;69.90066666666667
1176;1001;35.25;40.513333333333335
1176;1015;143.22;162.40183333333334
1176;1016;105.14;122.2525
1176;1020;113.53;133.72566666666665
1176;1030;27.55;35.54
1176;1031;0.58;2.1015
1176;1034;47.49;64.8545
1176;1035;16.46;31.542333333333332
1176;1041;103.54;119.48033333333333
1176;1045;116.14;141.55166666666668
1176;1050;96.88;128.82333333333332
1176;1053;194.89;217.95683333333332
1176;1056;195.45;220.4195
1176;1061;174.26;188.42333333333332
1176;1062;182.3;198.49383333333333
1176;1063;196.38;220.57616666666667
1176;1064;128.94;145.417
1176;1065;217.36;243.5475
1176;1067;117.21;132.221
1176;1068;112.15;123.48333333333333
1176;1070;78.66;106.91133333333333
1176;1074;26.37;45.089333333333336
1176;1076;111.96;127.35483333333333
1176;1082;128.19;143.18933333333334
1176;1084;154.56;166.08933333333334
1176;1088;38.83;59.16133333333333
1176;1089;40.07;60.947
1176;1091;46.08;55.10116666666667
1176;1102;131.55;151.46466666666666
1176;1115;162.86;173.845
1176;1123;102.61;113.53833333333334
1176;1126;108.32;123.96333333333334
1176;1133;67.8;79.3625
1176;1151;80.76;101.52466666666666
1176;1164;1.25;4.340833333333333
1176;1165;181.33;191.01283333333333
1176;1174;79.09;90.1395
1176;1176;0.0;0.0
1176;1177;27.04;36.5455
1176;1179;193.85;223.17483333333334
1176;1186;102.59;138.3195
1176;1187;131.43;161.274
1176;1190;113.81;135.00966666666667
1176;1193;242.6;264.64566666666667
1176;1204;221.36;254.68316666666666
1176;1210;11.01;21.8925
1176;1213;67.58;97.72316666666667
1176;1236;40.75;56.43216666666667
1176;1255;59.06;76.61933333333333
1176;1313;173.7;198.87316666666666
1176;1350;48.55;66.33016666666667
1176;1371;47.35;74.83133333333333
1176;1372;182.78;212.71816666666666
1177;0;35.31;48.705333333333336
1177;1001;14.75;19.318166666666666
1177;1015;122.72;141.20649999999998
1177;1016;84.64;101.05733333333333
1177;1020;93.03;112.53033333333333
1177;1030;2.85;5.902
1177;1031;27.13;37.0935
1177;1034;58.59;67.71666666666667
1177;1035;31.24;34.41133333333333
1177;1041;83.04;98.28500000000001
1177;1045;63.83;91.77733333333335
1177;1050;107.98;131.6855
1177;1053;174.39;196.7615
1177;1056;174.95;199.2243333333333
1177;1061;153.76;167.228
1177;1062;161.8;177.2985
1177;1063;175.88;199.381
1177;1064;108.44;124.22166666666666
1177;1065;196.86;222.35216666666665
1177;1067;96.71;111.02566666666667
1177;1068;91.65;102.28816666666667
1177;1070;89.76;109.7735
1177;1074;41.09;52.726
1177;1076;91.46;106.1595
1177;1082;107.69;121.994
1177;1084;134.06;144.89399999999998
1177;1088;49.93;62.0235
1177;1089;51.17;63.80916666666667
1177;1091;25.58;33.905833333333334
1177;1102;68.96;96.5265
1177;1115;142.36;152.64983333333333
1177;1123;82.11;92.343
1177;1126;87.82;102.768
1177;1133;47.3;58.16716666666667
1177;1151;60.26;80.32933333333334
1177;1164;24.27;36.51416666666667
1177;1165;160.83;169.8175
1177;1174;58.59;68.94416666666666
1177;1176;27.04;36.5455
1177;1177;0.0;0.0
1177;1179;172.4;197.43083333333334
1177;1186;81.13;112.57566666666666
1177;1187;68.06;99.64750000000001
1177;1190;92.35;109.26566666666666
1177;1193;221.15;238.90166666666667
1177;1204;199.91;228.93916666666667
1177;1210;16.36;25.386833333333335
1177;1213;46.12;71.97916666666667
1177;1236;16.39;26.084833333333332
1177;1255;71.44;81.57066666666667
1177;1313;152.25;173.12933333333334
1177;1350;24.19;35.983
1177;1371;71.06;90.203
1177;1372;161.33;186.9743333333333
1179;0;144.43;164.942
1179;1001;161.64;185.26883333333333
1179;1015;98.69;105.011
1179;1016;86.32;98.039
1179;1020;157.09;168.42283333333336
1179;1030;172.87;197.87800000000001
1179;1031;193.94;223.72266666666667
1179;1034;225.4;254.34583333333333
1179;1035;198.06;221.0405
1179;1041;159.8;174.46433333333334
1179;1045;200.78;232.53433333333334
1179;1050;191.43;226.29433333333333
1179;1053;81.82;93.2525
1179;1056;10.46;15.079666666666666
1179;1061;15.47;23.032500000000002
1179;1062;13.57;20.716833333333334
1179;1063;12.21;21.120166666666666
1179;1064;110.58;116.19183333333334
1179;1065;64.68;84.41883333333334
1179;1067;102.87;141.44616666666667
1179;1068;97.82;133.86966666666666
1179;1070;192.17;224.35966666666667
1179;1074;150.42;175.95216666666664
1179;1076;168.22;182.33883333333333
1179;1082;136.07;141.32566666666668
1179;1084;210.82;221.0735
1179;1088;216.74;248.65283333333335
1179;1089;217.98;250.4385
1179;1091;149.43;174.34533333333331
1179;1102;234.27;255.13816666666668
1179;1115;83.38;90.98066666666666
1179;1123;128.68;132.32016666666667
1179;1126;164.59;178.94750000000002
1179;1133;126.13;144.92166666666665
1179;1151;162.5;178.01916666666665
1179;1164;191.08;223.14333333333335
1179;1165;237.59;245.99699999999999
1179;1174;122.14;134.54333333333335
1179;1176;193.85;223.17483333333334
1179;1177;172.4;197.43083333333334
1179;1179;0.0;0.0
1179;1186;196.91;227.13400000000001
1179;1187;209.51;245.38316666666665
1179;1190;127.39;131.09666666666666
1179;1193;84.53;92.41266666666667
1179;1204;63.63;83.96766666666667
1179;1210;178.9;203.13666666666668
1179;1213;151.75;170.78900000000002
1179;1236;182.83;211.53400000000002
1179;1255;233.98;259.3205
1179;1313;43.41;63.6015
1179;1350;198.82;224.1415
1179;1371;155.31;181.22
1179;1372;13.7;20.99416666666667
1186;0;56.74;87.42666666666668
1186;1001;70.38;100.41350000000001
1186;1015;150.52;176.69316666666666
1186;1016;112.44;136.5438333333333
1186;1020;93.05;131.75066666666666
1186;1030;60.78;85.494
1186;1031;102.67;138.86749999999998
1186;1034;134.14;169.4905
1186;1035;106.79;136.18533333333332
1186;1041;46.37;71.05683333333333
1186;1045;5.4;14.632833333333334
1186;1050;183.52;233.45933333333332
1186;1053;209.31;238.77616666666665
1186;1056;202.75;234.71083333333334
1186;1061;181.56;202.71466666666666
1186;1062;189.6;212.78516666666667
1186;1063;203.68;234.86749999999998
1186;1064;132.8;163.19416666666666
1186;1065;224.66;257.83883333333335
1186;1067;140.96;178.63766666666666
1186;1068;135.89;169.9
1186;1070;165.31;211.5475
1186;1074;85.33;120.338
1186;1076;83.71;111.92566666666667
1186;1082;132.06;160.9665
1186;1084;110.05;138.68116666666668
1186;1088;125.48;163.7975
1186;1089;126.72;165.58316666666667
1186;1091;69.83;101.51766666666667
1186;1102;39.42;58.971333333333334
1186;1115;166.73;191.62216666666666
1186;1123;106.48;131.31550000000001
1186;1126;49.89;74.57300000000001
1186;1133;91.54;125.77916666666667
1186;1151;32.45;51.14216666666667
1186;1164;99.82;138.28816666666668
1186;1165;137.19;164.97033333333331
1186;1174;82.96;107.91666666666667
1186;1176;102.59;138.3195
1186;1177;81.13;112.57566666666666
1186;1179;196.91;227.13400000000001
1186;1186;0.0;0.0
1186;1187;13.84;25.8385
1186;1190;108.21;134.48366666666666
1186;1193;245.02;266.22433333333333
1186;1204;223.78;256.26166666666666
1186;1210;91.05;122.2385
1186;1213;61.18;90.00533333333333
1186;1236;60.53;86.16266666666667
1186;1255;146.13;178.4225
1186;1313;176.12;200.45183333333335
1186;1350;37.36;53.23883333333333
1186;1371;118.02;151.658
1186;1372;185.2;214.29683333333332
1187;0;85.58;110.381
1187;1001;99.22;123.368
1187;1015;163.12;194.94216666666668
1187;1016;125.04;154.793
1187;1020;105.64;149.99966666666666
1187;1030;67.04;96.47983333333333
1187;1031;131.51;161.82183333333333
1187;1034;162.98;192.44500000000002
1187;1035;135.63;159.13966666666664
1187;1041;58.97;89.30583333333334
1187;1045;11.93;19.8445
1187;1050;212.36;256.41383333333334
1187;1053;221.91;257.0251666666667
1187;1056;215.34;252.95983333333334
1187;1061;194.15;220.96366666666665
1187;1062;202.19;231.03416666666666
1187;1063;216.27;253.1165
1187;1064;145.4;181.44316666666666
1187;1065;237.25;276.0878333333333
1187;1067;169.8;201.592
1187;1068;164.73;192.8545
1187;1070;194.15;234.50183333333334
1187;1074;114.17;143.29233333333335
1187;1076;96.31;130.17466666666667
1187;1082;144.66;179.2155
1187;1084;107.82;143.68833333333333
1187;1088;154.32;186.752
1187;1089;155.56;188.53766666666667
1187;1091;98.67;124.47216666666667
1187;1102;39.43;56.675333333333334
1187;1115;179.32;209.87133333333335
1187;1123;119.07;149.5645
1187;1126;62.48;92.82199999999999
1187;1133;120.38;148.7335
1187;1151;45.04;69.39116666666668
1187;1164;128.66;161.24266666666665
1187;1165;134.97;169.97733333333332
1187;1174;95.56;126.16566666666667
1187;1176;131.43;161.274
1187;1177;68.06;99.64750000000001
1187;1179;209.51;245.38316666666665
1187;1186;13.84;25.8385
1187;1187;0.0;0.0
1187;1190;145.41;168.05349999999999
1187;1193;282.22;299.794
1187;1204;260.98;289.8315
1187;1210;120.04;144.94366666666667
1187;1213;98.37;123.57516666666668
1187;1236;58.35;83.60266666666666
1187;1255;175.11;201.1275
1187;1313;213.32;234.02166666666665
1187;1350;54.72;70.9695
1187;1371;140.75;174.65316666666666
1187;1372;222.4;247.86666666666667
1190;0;54.07;69.84616666666668
1190;1001;81.6;97.10366666666667
1190;1015;59.46;68.38000000000001
1190;1016;65.46;76.51816666666667
1190;1020;24.96;36.56916666666667
1190;1030;92.82;109.71283333333334
1190;1031;113.89;135.5575
1190;1034;145.36;166.18066666666667
1190;1035;118.01;132.87533333333334
1190;1041;71.74;84.19466666666668
1190;1045;112.72;142.26466666666664
1190;1050;174.35;206.14249999999998
1190;1053;162.33;178.75050000000002
1190;1056;126.03;129.879
1190;1061;134.57;142.689
1190;1062;132.57;140.609
1190;1063;117.27;128.08866666666665
1190;1064;19.41;29.5915
1190;1065;175.63;191.16966666666667
1190;1067;117.87;137.30133333333333
1190;1068;112.8;128.56366666666665
1190;1070;149.89;182.22316666666666
1190;1074;70.38;87.787
1190;1076;80.16;92.06916666666666
1190;1082;12.7;18.804666666666666
1190;1084;53.32;74.96716666666666
1190;1088;136.7;160.48766666666668
1190;1089;137.93;162.27333333333334
1190;1091;69.38;86.18016666666668
1190;1102;146.21;164.86833333333334
1190;1115;64.58;71.67133333333332
1190;1123;10.04;19.311833333333333
1190;1126;76.53;88.67766666666667
1190;1133;68.45;84.44266666666667
1190;1151;74.44;87.74933333333334
1190;1164;111.04;134.97816666666665
1190;1165;105.77;125.2565
1190;1174;34.1;42.13183333333333
1190;1176;113.81;135.00966666666667
1190;1177;92.35;109.26566666666666
1190;1179;127.39;131.09666666666666
1190;1186;108.21;134.48366666666666
1190;1187;145.41;168.05349999999999
1190;1190;0.0;0.0
1190;1193;195.23;199.346
1190;1204;174.33;190.90099999999998
1190;1210;99.76;115.81566666666666
1190;1213;69.18;86.95366666666668
1190;1236;103.69;124.213
1190;1255;154.84;171.99949999999998
1190;1313;129.06;140.03400000000002
1190;1350;116.25;140.30633333333333
1190;1371;88.49;107.41033333333333
1190;1372;99.37;114.43133333333334
1193;0;193.18;206.413
1193;1001;210.4;226.73966666666666
1193;1015;136.65;142.3828333333333
1193;1016;135.07;139.50983333333335
1193;1020;201.01;214.01049999999998
1193;1030;221.62;239.34883333333335
1193;1031;242.69;265.1936666666667
1193;1034;162.27;214.60816666666668
1193;1035;246.81;262.5113333333333
1193;1041;208.55;215.93533333333335
1193;1045;249.53;274.00533333333334
1193;1050;121.84;160.59766666666667
1193;1053;33.91;47.87016666666667
1193;1056;74.69;82.89433333333334
1193;1061;93.58;99.47733333333333
1193;1062;89.86;103.44833333333332
1193;1063;97.0;106.75516666666667
1193;1064;177.62;181.91083333333333
1193;1065;75.03;96.05566666666667
1193;1067;121.81;147.02866666666665
1193;1068;116.75;138.29116666666667
1193;1070;122.59;158.663
1193;1074;199.18;217.42299999999997
1193;1076;216.97;223.80983333333333
1193;1082;203.11;207.04466666666667
1193;1084;259.58;262.5443333333333
1193;1088;163.93;203.6595
1193;1089;163.68;204.936
1193;1091;198.18;215.81616666666665
1193;1102;283.02;296.60900000000004
1193;1115;136.38;143.624
1193;1123;190.09;193.82316666666665
1193;1126;213.34;220.41833333333335
1193;1133;174.88;186.39249999999998
1193;1151;211.25;219.48999999999998
1193;1164;239.83;264.6143333333333
1193;1165;286.34;287.4678333333333
1193;1174;170.89;176.01416666666668
1193;1176;242.6;264.64566666666667
1193;1177;221.15;238.90166666666667
1193;1179;84.53;92.41266666666667
1193;1186;245.02;266.22433333333333
1193;1187;282.22;299.794
1193;1190;195.23;199.346
1193;1193;0.0;0.0
1193;1204;74.68;96.16083333333333
1193;1210;226.14;241.30116666666666
1193;1213;198.99;208.95333333333335
1193;1236;230.07;249.6985
1193;1255;143.88;189.20216666666664
1193;1313;91.07;102.657
1193;1350;246.07;262.306
1193;1371;138.62;173.0345
1193;1372;89.39;101.99816666666668
1204;0;171.94;196.4505
1204;1001;189.16;216.77716666666666
1204;1015;115.41;132.42033333333333
1204;1016;113.83;129.54733333333334
1204;1020;179.77;204.04783333333336
1204;1030;200.38;229.38633333333334
1204;1031;221.45;255.23100000000002
1204;1034;252.91;285.8541666666667
1204;1035;225.57;252.54883333333333
1204;1041;187.31;205.97266666666667
1204;1045;228.29;264.0428333333333
1204;1050;182.28;232.3265
1204;1053;72.67;99.28466666666667
1204;1056;44.37;62.6015
1204;1061;72.34;89.51483333333334
1204;1062;68.62;93.48583333333333
1204;1063;67.33;94.91433333333333
1204;1064;156.72;173.46583333333334
1204;1065;1.04;1.8536666666666666
1204;1067;130.38;172.9545
1204;1068;125.33;165.3781666666667
1204;1070;183.02;230.392
1204;1074;177.94;207.4605
1204;1076;195.73;213.84716666666665
1204;1082;182.21;198.59966666666665
1204;1084;238.34;252.58183333333332
1204;1088;244.25;280.16116666666665
1204;1089;245.49;281.94683333333336
1204;1091;176.94;205.85366666666667
1204;1102;261.78;286.6465
1204;1115;115.14;133.6615
1204;1123;168.85;183.86066666666665
1204;1126;192.1;210.45583333333335
1204;1133;153.64;176.42999999999998
1204;1151;190.01;209.5275
1204;1164;218.59;254.65183333333334
1204;1165;265.1;277.50533333333334
1204;1174;149.65;166.05166666666668
1204;1176;221.36;254.68316666666666
1204;1177;199.91;228.93916666666667
1204;1179;63.63;83.96766666666667
1204;1186;223.78;256.26166666666666
1204;1187;260.98;289.8315
1204;1190;174.33;190.90099999999998
1204;1193;74.68;96.16083333333333
1204;1204;0.0;0.0
1204;1210;205.75;233.59650000000002
1204;1213;178.6;201.24883333333335
1204;1236;209.68;241.994
1204;1255;260.83;289.7803333333333
1204;1313;70.68;94.95233333333334
1204;1350;225.68;254.60133333333334
1204;1371;182.16;211.67983333333333
1204;1372;69.0;94.29366666666667
1210;0;45.1;60.1945
1210;1001;24.54;30.807333333333336
1210;1015;132.51;152.69566666666665
1210;1016;94.43;112.5465
1210;1020;102.81;124.01950000000001
1210;1030;16.83;25.834
1210;1031;10.58;20.6055
1210;1034;56.74;72.42216666666667
1210;1035;29.39;39.11683333333334
1210;1041;92.82;109.77416666666666
1210;1045;105.43;131.84566666666666
1210;1050;106.12;136.391
1210;1053;184.17;208.25083333333333
1210;1056;184.74;210.71349999999998
1210;1061;163.54;178.71733333333336
1210;1062;171.58;188.78783333333334
1210;1063;185.66;210.87016666666665
1210;1064;118.22;135.71099999999998
1210;1065;206.64;233.8415
1210;1067;106.5;122.515
1210;1068;101.43;113.77733333333335
1210;1070;87.91;114.479
1210;1074;21.04;35.68783333333333
1210;1076;101.24;117.64866666666667
1210;1082;117.48;133.48333333333332
1210;1084;143.84;156.38333333333333
1210;1088;48.08;66.729
1210;1089;49.31;68.51466666666667
1210;1091;35.36;45.394999999999996
1210;1102;120.84;141.7585
1210;1115;152.14;164.139
1210;1123;91.89;103.83233333333332
1210;1126;97.61;114.25733333333332
1210;1133;57.08;69.65633333333334
1210;1151;70.04;91.8185
1210;1164;9.88;17.907333333333334
1210;1165;170.61;181.30683333333334
1210;1174;68.38;80.43350000000001
1210;1176;11.01;21.8925
1210;1177;16.36;25.386833333333335
1210;1179;178.9;203.13666666666668
1210;1186;91.05;122.2385
1210;1187;120.04;144.94366666666667
1210;1190;99.76;115.81566666666666
1210;1193;226.14;241.30116666666666
1210;1204;205.75;233.59650000000002
1210;1210;0.0;0.0
1210;1213;56.3;84.743
1210;1236;29.48;43.452
1210;1255;68.62;83.08466666666666
1210;1313;162.43;185.893
1210;1350;37.28;53.35
1210;1371;81.24;102.96666666666667
1210;1372;171.51;199.738
1213;0;16.73;34.99066666666667
1213;1001;35.37;59.81716666666667
1213;1015;105.36;120.348
1213;1016;67.28;80.19883333333334
1213;1020;37.72;65.34066666666666
1213;1030;46.6;72.42633333333333
1213;1031;67.67;98.27116666666667
1213;1034;99.13;128.89416666666665
1213;1035;71.78;95.589
1213;1041;30.12;46.5055
1213;1045;65.68;97.78633333333333
1213;1050;148.52;192.863
1213;1053;164.15;182.431
1213;1056;157.58;178.36583333333334
1213;1061;136.39;146.3695
1213;1062;144.43;156.44
1213;1063;158.51;178.52233333333334
1213;1064;87.64;106.84899999999999
1213;1065;179.49;201.49383333333333
1213;1067;102.8;125.455
1213;1068;97.73;116.7175
1213;1070;130.3;170.95116666666667
1213;1074;55.31;75.94066666666666
1213;1076;38.54;54.38
1213;1082;86.9;104.62133333333333
1213;1084;81.15;93.11466666666666
1213;1088;90.47;123.20116666666667
1213;1089;91.71;124.98683333333334
1213;1091;48.93;73.539
1213;1102;99.17;120.39016666666666
1213;1115;121.56;135.27716666666666
1213;1123;61.31;74.97033333333334
1213;1126;34.91;50.98866666666667
1213;1133;53.38;72.5965
1213;1151;27.41;43.271166666666666
1213;1164;64.81;97.69183333333334
1213;1165;107.91;118.03816666666667
1213;1174;37.8;51.5715
1213;1176;67.58;97.72316666666667
1213;1177;46.12;71.97916666666667
1213;1179;151.75;170.78900000000002
1213;1186;61.18;90.00533333333333
1213;1187;98.37;123.57516666666668
1213;1190;69.18;86.95366666666668
1213;1193;198.99;208.95333333333335
1213;1204;178.6;201.24883333333335
1213;1210;56.3;84.743
1213;1213;0.0;0.0
1213;1236;73.08;102.91766666666668
1213;1255;124.23;150.70416666666668
1213;1313;129.28;143.45649999999998
1213;1350;61.16;86.30183333333333
1213;1371;71.18;94.66266666666667
1213;1372;138.36;157.3015
1236;0;49.03;68.59200000000001
1236;1001;28.47;39.20466666666667
1236;1015;136.44;161.09316666666666
1236;1016;98.36;120.94383333333333
1236;1020;106.74;132.417
1236;1030;15.53;23.163333333333334
1236;1031;40.84;56.98016666666667
1236;1034;72.3;87.60316666666667
1236;1035;44.96;54.298
1236;1041;96.75;118.17166666666667
1236;1045;56.77;81.30816666666666
1236;1050;121.69;151.572
1236;1053;188.1;216.64816666666667
1236;1056;188.67;219.11083333333332
1236;1061;167.47;187.11466666666666
1236;1062;175.51;197.18516666666667
1236;1063;189.59;219.26749999999998
1236;1064;122.15;144.10833333333332
1236;1065;210.57;242.23883333333333
1236;1067;110.43;130.91233333333332
1236;1068;105.36;122.17466666666665
1236;1070;103.47;129.66
1236;1074;54.8;72.61266666666667
1236;1076;105.17;126.04616666666668
1236;1082;121.41;141.88066666666666
1236;1084;147.77;164.78066666666666
1236;1088;63.64;81.91016666666665
1236;1089;64.88;83.69583333333334
1236;1091;39.29;53.792500000000004
1236;1102;59.51;81.18883333333333
1236;1115;156.07;172.53633333333335
1236;1123;95.82;112.22966666666666
1236;1126;101.54;122.65466666666666
1236;1133;61.01;78.05383333333333
1236;1151;73.97;100.216
1236;1164;37.98;56.40083333333334
1236;1165;174.54;189.70416666666668
1236;1174;72.31;88.83083333333335
1236;1176;40.75;56.43216666666667
1236;1177;16.39;26.084833333333332
1236;1179;182.83;211.53400000000002
1236;1186;60.53;86.16266666666667
1236;1187;58.35;83.60266666666666
1236;1190;103.69;124.213
1236;1193;230.07;249.6985
1236;1204;209.68;241.994
1236;1210;29.48;43.452
1236;1213;73.08;102.91766666666668
1236;1236;0.0;0.0
1236;1255;85.31;101.57416666666667
1236;1313;166.12;193.1328333333333
1236;1350;26.63;38.04833333333333
1236;1371;84.94;110.2065
1236;1372;175.2;206.97783333333334
1255;0;100.17;116.37833333333333
1255;1001;79.61;86.99116666666667
1255;1015;187.58;208.87966666666668
1255;1016;149.5;168.73033333333333
1255;1020;157.89;180.2035
1255;1030;71.91;82.01783333333333
1255;1031;55.9;77.71283333333334
1255;1034;19.47;26.33716666666667
1255;1035;47.15;58.24083333333333
1255;1041;147.9;165.95816666666667
1255;1045;160.5;188.0295
1255;1050;43.72;60.52766666666666
1255;1053;117.04;154.27083333333334
1255;1056;239.81;266.89733333333334
1255;1061;218.62;234.90116666666665
1255;1062;226.66;244.97166666666666
1255;1063;240.74;267.054
1255;1064;173.3;191.89483333333334
1255;1065;261.72;290.0253333333333
1255;1067;53.77;78.18066666666667
1255;1068;51.79;75.00416666666666
1255;1070;19.34;29.329333333333334
1255;1074;105.95;120.39916666666666
1255;1076;156.32;173.83266666666665
1255;1082;172.55;189.66716666666667
1255;1084;198.92;212.56716666666668
1255;1088;45.21;62.877500000000005
1255;1089;34.9;51.15383333333333
1255;1091;90.44;101.57883333333332
1255;1102;175.91;197.94233333333335
1255;1115;207.22;220.32283333333334
1255;1123;146.97;160.01616666666666
1255;1126;152.68;170.44116666666665
1255;1133;112.16;125.84033333333333
1255;1151;125.12;148.00233333333333
1255;1164;55.19;75.01466666666667
1255;1165;225.69;237.49066666666667
1255;1174;123.45;136.61733333333333
1255;1176;59.06;76.61933333333333
1255;1177;71.44;81.57066666666667
1255;1179;233.98;259.3205
1255;1186;146.13;178.4225
1255;1187;175.11;201.1275
1255;1190;154.84;171.99949999999998
1255;1193;143.88;189.20216666666664
1255;1204;260.83;289.7803333333333
1255;1210;68.62;83.08466666666666
1255;1213;124.23;150.70416666666668
1255;1236;85.31;101.57416666666667
1255;1255;0.0;0.0
1255;1313;97.29;133.483
1255;1350;92.68;111.4145
1255;1371;61.72;90.50283333333333
1255;1372;226.91;257.8025
1313;0;124.28;140.6405
1313;1001;141.5;160.96716666666669
1313;1015;67.75;76.6105
1313;1016;66.17;73.7375
1313;1020;132.11;148.238
1313;1030;152.72;173.5765
1313;1031;173.79;199.42116666666666
1313;1034;205.25;230.04433333333333
1313;1035;177.91;196.739
1313;1041;139.65;150.16283333333334
1313;1045;180.63;208.23283333333333
1313;1050;93.53;130.26149999999998
1313;1053;38.07;45.92383333333333
1313;1056;49.25;71.17833333333333
1313;1061;37.96;45.3755
1313;1062;46.0;55.446000000000005
1313;1063;50.17;71.33500000000001
1313;1064;121.75;131.95166666666668
1313;1065;71.57;95.19733333333333
1313;1067;56.9;77.72016666666667
1313;1068;51.86;70.14366666666666
1313;1070;79.94;110.88466666666666
1313;1074;130.28;151.6506666666667
1313;1076;148.07;158.03733333333332
1313;1082;146.77;157.70166666666668
1313;1084;190.68;196.772
1313;1088;99.04;135.512
1313;1089;98.79;136.78866666666667
1313;1091;129.28;150.0438333333333
1313;1102;214.12;230.83666666666667
1313;1115;67.48;77.85166666666667
1313;1123;121.19;128.05066666666667
1313;1126;144.44;154.64600000000002
1313;1133;105.98;120.62016666666666
1313;1151;142.35;153.7175
1313;1164;170.93;198.84183333333334
1313;1165;217.44;221.69549999999998
1313;1174;101.99;110.24183333333333
1313;1176;173.7;198.87316666666666
1313;1177;152.25;173.12933333333334
1313;1179;43.41;63.6015
1313;1186;176.12;200.45183333333335
1313;1187;213.32;234.02166666666665
1313;1190;129.06;140.03400000000002
1313;1193;91.07;102.657
1313;1204;70.68;94.95233333333334
1313;1210;162.43;185.893
1313;1213;129.28;143.45649999999998
1313;1236;166.12;193.1328333333333
1313;1255;97.29;133.483
1313;1313;0.0;0.0
1313;1350;177.6;197.60750000000002
1313;1371;77.51;104.43983333333334
1313;1372;51.2;69.3035
1350;0;49.42;71.61733333333333
1350;1001;27.71;41.908500000000004
1350;1015;152.43;173.7005
1350;1016;114.35;133.55133333333333
1350;1020;94.96;128.75799999999998
1350;1030;23.17;32.81516666666667
1350;1031;48.64;66.87816666666667
1350;1034;80.1;97.50133333333333
1350;1035;52.76;64.196
1350;1041;77.2;101.05850000000001
1350;1045;39.56;57.026833333333336
1350;1050;129.49;161.47016666666664
1350;1053;211.22;235.78366666666668
1350;1056;204.66;231.71833333333333
1350;1061;183.47;199.72216666666665
1350;1062;191.51;209.79266666666666
1350;1063;205.58;231.875
1350;1064;134.71;160.20166666666668
1350;1065;226.57;254.84633333333335
1350;1067;110.07;135.85183333333333
1350;1068;105.0;127.11433333333333
1350;1070;111.27;139.55816666666666
1350;1074;54.44;77.55216666666666
1350;1076;85.62;108.93299999999999
1350;1082;133.97;157.97400000000002
1350;1084;128.23;147.66766666666666
1350;1088;71.44;91.80816666666666
1350;1089;72.68;93.59383333333334
1350;1091;38.93;58.732
1350;1102;55.52;67.78450000000001
1350;1115;168.64;188.62966666666668
1350;1123;108.39;128.323
1350;1126;81.99;105.54166666666667
1350;1133;60.65;82.99333333333334
1350;1151;62.05;83.6
1350;1164;45.78;66.29883333333333
1350;1165;154.99;172.59116666666665
1350;1174;84.87;104.92416666666666
1350;1176;48.55;66.33016666666667
1350;1177;24.19;35.983
1350;1179;198.82;224.1415
1350;1186;37.36;53.23883333333333
1350;1187;54.72;70.9695
1350;1190;116.25;140.30633333333333
1350;1193;246.07;262.306
1350;1204;225.68;254.60133333333334
1350;1210;37.28;53.35
1350;1213;61.16;86.30183333333333
1350;1236;26.63;38.04833333333333
1350;1255;92.68;111.4145
1350;1313;177.6;197.60750000000002
1350;1350;0.0;0.0
1350;1371;81.53;110.57633333333334
1350;1372;186.72;210.582
1371;0;43.1;57.714166666666664
1371;1001;60.31;78.04083333333332
1371;1015;108.91;130.779
1371;1016;70.83;90.62983333333334
1371;1020;91.55;115.61433333333333
1371;1030;71.54;90.65016666666666
1371;1031;46.92;73.54433333333333
1371;1034;51.97;80.8605
1371;1035;96.72;113.81266666666667
1371;1041;81.55;101.369
1371;1045;126.14;161.55516666666665
1371;1050;90.6;121.20866666666667
1371;1053;111.78;138.10316666666668
1371;1056;161.14;188.79666666666665
1371;1061;139.95;156.8005
1371;1062;147.99;166.871
1371;1063;162.07;188.95333333333335
1371;1064;106.95;127.30566666666667
1371;1065;183.05;211.92466666666667
1371;1067;22.28;35.20283333333334
1371;1068;29.05;43.62983333333333
1371;1070;57.53;87.16316666666667
1371;1074;37.93;57.7225
1371;1076;89.97;109.2435
1371;1082;106.21;125.078
1371;1084;132.58;147.978
1371;1088;42.79;65.65666666666667
1371;1089;42.54;66.93333333333334
1371;1091;48.1;67.11733333333333
1371;1102;141.55;171.46816666666666
1371;1115;124.59;148.43366666666668
1371;1123;80.62;95.42699999999999
1371;1126;86.34;105.852
1371;1133;26.83;41.05783333333333
1371;1151;84.25;104.92366666666666
1371;1164;46.22;70.84616666666668
1371;1165;159.34;172.9015
1371;1174;57.11;72.02816666666666
1371;1176;47.35;74.83133333333333
1371;1177;71.06;90.203
1371;1179;155.31;181.22
1371;1186;118.02;151.658
1371;1187;140.75;174.65316666666666
1371;1190;88.49;107.41033333333333
1371;1193;138.62;173.0345
1371;1204;182.16;211.67983333333333
1371;1210;81.24;102.96666666666667
1371;1213;71.18;94.66266666666667
1371;1236;84.94;110.2065
1371;1255;61.72;90.50283333333333
1371;1313;77.51;104.43983333333334
1371;1350;81.53;110.57633333333334
1371;1371;0.0;0.0
1371;1372;144.08;169.60916666666665
1372;0;133.36;154.48549999999997
1372;1001;150.57;174.81233333333333
1372;1015;39.35;51.72233333333334
1372;1016;75.25;87.5825
1372;1020;128.27;149.22733333333332
1372;1030;161.8;187.4215
1372;1031;182.87;213.26616666666666
1372;1034;214.33;243.88933333333335
1372;1035;186.99;210.584
1372;1041;148.73;164.0078333333333
1372;1045;189.7;222.07783333333333
1372;1050;150.47;195.64016666666666
1372;1053;70.81;86.39616666666667
1372;1056;29.43;38.741166666666665
1372;1061;16.07;21.128833333333333
1372;1062;6.44;7.899
1372;1063;6.11;8.425833333333333
1372;1064;81.76;96.99616666666667
1372;1065;69.89;94.53850000000001
1372;1067;101.31;134.85816666666668
1372;1068;96.27;127.28183333333332
1372;1070;151.22;193.7055
1372;1074;139.35;165.49566666666666
1372;1076;157.15;171.88233333333335
1372;1082;107.25;122.13000000000001
1372;1084;199.75;210.61700000000002
1372;1088;205.67;238.19633333333334
1372;1089;206.91;239.982
1372;1091;138.36;163.88883333333334
1372;1102;223.2;244.68166666666667
1372;1115;38.21;51.8335
1372;1123;99.85;113.1245
1372;1126;153.51;168.49099999999999
1372;1133;115.06;134.46516666666668
1372;1151;151.43;167.56266666666667
1372;1164;180.01;212.6868333333333
1372;1165;226.52;235.5405
1372;1174;111.07;124.08683333333333
1372;1176;182.78;212.71816666666666
1372;1177;161.33;186.9743333333333
1372;1179;13.7;20.99416666666667
1372;1186;185.2;214.29683333333332
1372;1187;222.4;247.86666666666667
1372;1190;99.37;114.43133333333334
1372;1193;89.39;101.99816666666668
1372;1204;69.0;94.29366666666667
1372;1210;171.51;199.738
1372;1213;138.36;157.3015
1372;1236;175.2;206.97783333333334
1372;1255;226.91;257.8025
1372;1313;51.2;69.3035
1372;1350;186.72;210.582
1372;1371;144.08;169.60916666666665
1372;1372;0.0;0.0
