3	3	6	5
0	7	540	9000	0.36	0.7	0.155
1	7	540	12000	0.48	0.7	0.155
2	7	540	24000	0.72	0.7	0.155
0	0	Depot	0	48.136	11.629	0	0	0	0	20	5	1	0
1	1016	1016	0	48.471	11.969	16634	15	2	0	20	5	1	610.6265400000001
2	1062	1062	0	48.838	12.474	2369	15	3	0	20	5	1	106.92938999999998
3	1065	1065	0	49.029	12.999	4351	15	2	0	20	5	1	176.91381
4	1068	1068	0	48.216	12.411	8193	15	2	0	20	5	1	312.57482999999996
5	1204	1204	0	49.023	13.003	6841	15	2	0	20	5	1	264.83571000000006
6	1236	1236	0	47.781	11.676	5024	15	2	0	20	5	1	200.67744
